,box_10_70,box_10_54,box_10_38,box_10_32,box_10_28,box_10_24,box_35_70,box_35_54,box_35_38,box_35_32,box_35_28,box_35_24,AT_upstream_70,AT_UTR_70,spacer_70,spacer_54,spacer_38,spacer_32,spacer_28,spacer_24
0,1,1,1,1,1,1,1,1,1,1,1,1,1,1,5,3,1,6,2,4
1,1,1,1,1,1,1,1,1,1,1,1,1,1,1,4,3,1,6,2,5
2,1,1,1,1,1,1,1,1,1,1,1,1,2,1,5,3,1,7,4,6
3,1,1,1,1,1,1,1,1,1,1,1,1,1,1,4,3,1,6,2,5
4,1,1,1,1,1,1,1,1,1,1,1,1,1,1,4,3,1,6,2,5
5,1,1,1,1,1,1,1,1,1,1,1,1,1,1,4,2,1,6,3,5
6,1,1,1,1,1,1,1,1,1,1,1,1,1,1,4,2,1,6,3,5
7,1,1,1,1,1,1,1,1,1,1,1,1,1,1,4,3,1,6,2,5
8,1,1,1,1,1,1,1,1,1,1,1,1,1,1,4,3,1,6,2,5
9,1,1,1,1,1,1,1,1,1,1,1,1,1,1,4,2,1,6,3,5
