>AraC 20
A -0.1  0.4 -1.3  0.9 -0.3 -0.7  0.3  0.1  0.1  0.7  0.3  0.6  0.3 -0.7 -0.3 -0.7  1.0 -2.8  0.9  0.7
C  0.6 -0.4  0.8 -2.8 -2.8  0.9  0.4 -1.0 -2.8 -2.8 -2.8 -0.0 -0.0 -1.0  1.0  1.3 -0.4 -1.0 -1.0 -1.0
G -1.0 -0.0 -0.4 -0.4  1.2 -1.0 -0.0  0.6  0.9 -1.0 -1.0 -1.0  0.5 -1.0 -0.0 -2.8 -2.8 -2.8 -0.4 -2.8
T -0.1 -0.4  0.1 -0.7 -1.3 -0.1 -1.3 -0.4 -0.7  0.1  0.6 -0.4 -1.3  0.9 -2.8 -1.3 -1.3  1.1 -1.3  0.1
>ArcA 17
A  0.4  0.8 -0.0  0.6  0.3  0.4 -0.5 -0.1  0.4 -0.4 -0.6  1.1  1.1 -1.3  0.7  0.6  0.5
C -0.8 -1.0  0.8 -0.5 -0.2 -1.4 -1.4 -0.4 -1.2 -2.0 -0.6 -1.2 -4.4  1.4 -0.5 -0.3 -0.4
G -1.1 -0.5 -1.0 -0.5 -2.6 -0.4 -1.4 -0.1  0.3 -1.4 -1.6 -4.4 -1.4 -4.4 -1.1 -1.4 -0.6
T  0.3 -0.6 -0.6 -0.4  0.3  0.2  0.9  0.4 -0.4  0.9  0.8 -1.5 -1.5 -0.9 -0.3 -0.1 -0.1
>ArgP 19
A  1.0 -0.9 -0.3 -0.6 -0.6 -0.9 -0.3 -0.9  0.2 -0.3  0.9 -0.3 -0.9 -0.3 -0.6 -3.0  0.5  0.7 -0.6
C -1.2 -1.2 -3.0 -0.3 -1.2  0.8 -0.6 -1.2 -3.0  0.6 -0.6 -3.0 -1.2  0.0  0.2 -0.3  0.7  0.2 -0.3
G -3.0 -0.2 -3.0 -1.2  0.2 -0.2 -0.2  0.8 -3.0 -0.2 -0.6 -0.6  0.9  0.6  0.2  0.4 -1.2 -0.2 -1.2
T -0.6  0.8  0.9  0.7  0.5 -0.1  0.5  0.2  0.7 -0.1 -1.5  0.8  0.1 -0.3  0.1  0.5 -1.5 -3.0  0.7
>ArgR 21
A  0.2  0.3  0.4  0.4  0.2 -3.5 -2.0  0.1  0.9 -1.4  0.6  0.9  0.6  0.6  1.0 -1.4 -1.4 -3.5  0.6 -0.4 -0.4
C -0.1 -0.7 -1.7 -1.7 -1.1 -3.5 -3.5  0.9 -3.5 -1.7 -1.7 -1.7 -1.7 -1.7 -1.7 -1.1 -0.7  1.3 -1.1  0.1 -0.7
G -1.7 -1.7 -0.4 -3.5 -0.1 -3.5  1.5 -0.7 -1.1 -3.5  0.2 -3.5 -1.1 -3.5 -1.7 -0.7 -0.4 -0.7 -0.1  0.1 -1.1
T  0.3  0.5  0.3  0.6  0.3  1.2 -3.5 -1.4 -0.4  1.1 -0.6 -0.1  0.2  0.3 -0.8  0.9  0.9 -1.1 -0.4  0.2  0.8
>BaeR 23
A -1.6 -1.6  0.5 -1.6 -0.1 -1.6 -1.6 -1.6 -1.6 -1.6 -1.6 -1.6  0.8 -1.6  0.5  1.1 -1.6 -1.6 -1.6 -1.6 -1.6 -1.6 -1.6
C  1.1  0.2 -1.6 -1.6 -1.6 -1.6 -1.6 -1.6  1.4 -1.6  1.1  1.4  0.2  0.2 -1.6 -1.6 -1.6  0.2 -1.6  0.2  1.1 -1.6  1.1
G  0.2 -1.6 -1.6 -1.6 -1.6  0.2 -1.6 -1.6 -1.6 -1.6 -1.6 -1.6 -1.6 -1.6  0.2 -1.6 -1.6 -1.6  1.1  1.1 -1.6  0.8  0.2
T -1.6  0.8  0.4  1.1  0.8  0.8  1.1  1.1 -1.6  1.1 -0.1 -1.6 -1.6  0.8 -0.1 -1.6  1.1  0.8 -0.1 -1.6 -0.1  0.4 -1.6
>BasR 23
A -2.2 -2.2  0.7  0.5 -0.7 -0.1 -2.2 -2.2  1.2  1.2 -0.7 -0.1 -0.1 -2.2 -0.1 -0.1  0.5 -2.2 -2.2  0.7  1.2 -0.1 -0.7
C  0.2 -2.2  0.2  0.5  0.8  1.2 -2.2 -2.2 -2.2 -2.2 -0.4 -2.2 -2.2 -2.2 -2.2 -0.4  0.5 -2.2 -2.2 -0.4 -2.2 -2.2 -0.4
G -0.4  1.0 -2.2 -2.2 -0.4 -2.2 -2.2 -2.2 -2.2 -2.2  1.0  1.0 -0.4  0.2 -2.2 -0.4 -0.4  0.2  0.2  0.2 -2.2  0.8  0.2
T  0.7  0.2 -0.7 -0.7 -0.2 -2.2  1.1  1.1 -2.2 -2.2 -0.7 -0.7  0.7  0.9  0.9  0.5 -2.2  0.9  0.9 -2.2 -2.2 -0.2  0.5
>CysB 43
A -0.6  0.8  0.8  0.9 -1.2  0.8  0.2  0.4  0.2  0.6  0.5 -0.0  0.2 -0.0 -0.6  0.5  0.8 -0.6  0.5  0.8 -0.6  0.6  0.9  1.0 -0.0  0.4 -0.6 -0.0  0.9  0.5  0.6  0.9  0.2 -1.2 -0.6  0.9  0.4 -2.7  0.9  0.9 -0.0  0.2 -0.6
C -0.9 -0.9 -2.7 -0.3 -2.7 -2.7  0.7 -0.3 -0.3 -2.7 -0.3 -0.3 -2.7 -2.7  0.5 -0.9 -2.7 -2.7 -0.9 -2.7  0.3 -2.7 -2.7 -0.9 -2.7 -2.7 -0.9  0.8  0.0 -2.7 -0.9 -2.7 -0.9  0.0  0.0 -2.7  0.7 -0.3 -0.9 -0.9  0.8  0.0  0.3
G  0.7 -0.3 -0.9 -2.7  0.3 -2.7 -2.7  0.3  0.7  0.0 -0.9 -0.9  0.7  0.9  0.3  0.3  0.0 -0.9  0.3  0.0  0.0  0.3  0.0 -0.9  0.3 -0.3  0.0  0.0 -0.9 -0.3  0.0  0.0  0.0  1.1  0.7 -0.9 -2.7 -0.9 -2.7 -2.7 -0.3 -0.3  0.7
T  0.2 -0.7 -0.0 -1.2  0.7  0.2 -0.3 -0.7 -1.2 -0.3 -0.0  0.5 -0.3 -0.3 -0.3 -0.7 -0.7  0.9 -0.7 -0.7  0.2 -0.7 -2.7 -2.7  0.3  0.3  0.6 -2.7 -2.7  0.2 -0.7 -2.7  0.2 -1.2 -0.3 -0.3 -0.7  0.9 -0.7 -0.7 -1.2 -0.0 -0.7
>CpxR 20
A -1.0 -1.0 -0.8  0.8 -0.6  0.1 -0.2  0.0 -0.2 -0.8 -0.9 -0.9 -1.4  0.9 -1.4  0.0 -0.2  0.1 -0.3 -0.0
C  0.3 -4.1 -4.1 -4.1  1.2 -0.1 -0.0  0.0 -1.1  0.4 -0.3 -4.1 -4.1 -1.4  1.3  0.2  0.4 -0.0  0.2  0.1
G -1.4 -0.5 -0.3 -1.4 -1.7  0.4 -0.2 -0.3  0.3 -0.2  0.1 -4.1 -1.1 -0.5 -0.9 -0.0  0.3 -0.7 -0.7  0.1
T  0.6  1.0  0.9  0.0 -1.1 -0.4  0.3  0.1  0.3  0.3  0.5  1.1  1.1 -0.8 -0.9 -0.2 -0.5  0.3  0.4 -0.2
>Cra 21
A -0.2 -0.2  0.3 -1.1 -1.3 -0.7 -0.3  1.2  1.2 -0.1 -3.8 -1.3  0.1 -1.7 -0.3  0.1  0.9  0.4 -1.7  0.5  0.2
C  0.1  0.0 -0.8 -3.8  1.3 -3.8 -3.8 -3.8 -3.8 -3.8  1.3 -1.0 -0.2 -3.8 -0.5  1.0 -1.4 -0.5  0.3 -0.4 -0.2
G  0.3  0.2 -1.0  1.4 -0.3 -1.0  1.3 -2.0 -3.8 -1.4 -1.4  1.4 -0.3 -0.3 -3.8 -3.8 -0.5  0.5 -0.3 -0.3  0.2
T -0.2  0.0  0.4 -1.1 -1.7  1.0 -1.7 -3.8 -1.7  0.8 -0.7 -2.3  0.2  1.0  0.8 -0.9 -0.7 -0.9  0.6 -0.2 -0.2
>Crp 20
A -0.6 -0.8 -1.0 -0.8  0.9 -0.2 -0.2 -0.5  0.4 -0.5  0.5 -1.9 -1.0  1.1 -1.4  1.0  0.2  0.1  0.1 -0.3
C -0.2 -1.1 -0.1 -2.6 -0.5 -0.3  0.4  0.4 -0.5  0.2 -0.5 -1.5  1.4 -3.2  1.4 -1.4 -0.1 -0.7 -1.0 -0.2
G -0.9  1.0 -1.0  1.3 -0.9  0.0 -0.1 -0.1 -0.1  0.4 -0.0 -1.3 -1.6 -1.0 -1.8 -0.4 -1.0 -5.6 -0.9 -1.6
T  0.7 -0.2  0.8 -1.2 -1.1  0.3 -0.0  0.1 -0.2 -0.2 -0.5  1.1 -2.7 -2.6 -2.1 -1.9  0.3  0.6  0.6  0.7
>Mlc 26
A  0.8  0.3 -0.6 -2.1  0.8 -2.1 -2.1 -2.1 -2.1  0.6 -0.0  0.3 -2.1 -0.6 -2.1 -2.1 -2.1  0.6  1.1  1.1 -0.0 -0.0  1.0  0.6 -0.6 -0.0
C -2.1 -2.1 -2.1 -2.1 -2.1 -2.1 -2.1 -2.1 -0.3 -2.1  0.7 -0.3  0.3  0.7 -2.1  1.3 -2.1 -2.1 -2.1 -2.1 -2.1 -2.1 -2.1 -0.3 -2.1 -0.3
G  0.3  0.3 -2.1 -2.1 -2.1 -2.1 -2.1 -2.1 -2.1  0.7  0.3 -0.3  0.7 -2.1  0.7 -2.1  1.5 -2.1 -2.1 -2.1 -2.1 -2.1 -2.1 -2.1 -2.1  0.9
T -2.1 -0.0  1.0  1.1 -0.0  1.1  1.1  1.1  1.0 -2.1 -2.1 -0.0 -0.0  0.3  0.6 -0.6 -2.1  0.3 -2.1 -2.1  0.8  0.8 -0.6 -0.0  1.0 -2.1
>MqsA 21
A  0.1  0.7  0.1  0.5  1.1 -1.9 -1.9 -0.5  0.5  1.0  0.5  1.0 -1.9 -1.9  0.1 -0.5  0.7 -0.5 -0.5 -0.5  0.7
C -1.9  0.4  0.4  0.4 -1.9  1.5  1.1 -1.9 -1.9 -1.9  0.4 -1.9 -1.9 -1.9 -1.9 -0.2 -0.2  0.4 -1.9 -1.9 -1.9
G -0.2 -1.9 -0.2 -0.2 -1.9 -1.9 -0.2 -1.9 -1.9 -0.2 -0.2 -0.2  1.3  1.1 -1.9 -0.2 -0.2  0.8 -1.9 -1.9 -1.9
T  0.5 -1.9 -0.5 -1.9 -1.9 -1.9 -0.5  0.9  0.5 -1.9 -1.9 -1.9 -0.5  0.1  0.7  0.5 -1.9 -1.9  0.9  0.9  0.1
>EvgA 22
A -0.1  0.2  0.2 -0.1  0.2 -0.7 -2.2 -2.2 -2.2 -2.2  1.0 -2.2  0.9 -0.7 -0.7 -0.1 -2.2 -2.2  1.2 -0.1 -2.2  0.7
C -2.2 -0.4  0.5 -2.2 -0.4 -2.2 -2.2  1.5  0.2 -2.2 -2.2  1.4 -2.2 -0.4  0.5 -2.2 -2.2 -2.2 -2.2 -2.2 -2.2  0.2
G  1.0  0.8  0.2  0.2 -2.2 -2.2 -2.2 -2.2 -2.2 -2.2 -2.2 -0.4  0.2  0.8 -0.4 -2.2  1.5 -2.2 -2.2  1.2  1.4 -2.2
T -0.7 -2.2 -2.2  0.5  0.5  1.0  1.1 -2.2  0.9  1.1 -0.7 -2.2 -2.2 -0.2  0.2  0.9 -2.2  1.1 -2.2 -2.2 -0.7 -0.7
>ExuR 20
A  1.0  1.1  1.0 -1.0 -1.0 -1.0 -1.0 -2.5  0.2  0.6  1.0  0.6 -1.0  1.0  0.6  0.7 -2.5 -0.4  0.2 -0.4
C -2.5 -0.7 -0.1  0.3 -2.5 -2.5 -2.5 -2.5  0.3 -2.5 -0.7  0.3  1.4 -0.7  0.7 -2.5 -0.7 -0.1 -0.7  1.1
G -0.7 -2.5 -2.5  0.9 -2.5  1.2  1.4 -2.5 -2.5  0.3 -0.7 -2.5 -2.5 -2.5 -2.5 -0.1 -0.7 -2.5  0.3 -2.5
T -1.0 -2.5 -2.5 -1.0  1.1 -0.4 -2.5  1.2  0.2 -0.4 -2.5 -0.4 -2.5 -1.0 -2.5 -0.4  1.0  0.7 -0.1 -0.4
>FadR 20
A -1.6  0.6 -0.4 -3.0 -0.1 -1.0 -0.1 -3.0  0.0 -0.4 -3.0  1.1 -3.0 -1.6  0.6 -1.6 -1.6 -0.1 -0.4  0.5
C  0.5  0.5 -0.3  1.3 -0.7 -3.0 -1.3 -0.7  1.1  0.4 -3.0 -1.3  1.2  0.9 -3.0  0.4 -1.3  0.2  0.6 -3.0
G -0.0 -0.7  0.4 -0.0 -3.0  1.4  1.0 -1.3 -3.0 -0.0  1.6 -3.0 -3.0  0.2 -3.0  1.0 -0.7 -1.3 -1.3 -0.0
T  0.3 -3.0  0.2 -3.0  0.8 -3.0 -1.0  1.0 -1.6  0.0 -3.0 -1.6  0.0 -0.6  0.4 -1.0  1.0  0.4  0.2  0.0
>IclR 16
A  0.5 -0.1 -0.7 -2.2  0.9  0.2 -2.2 -2.2 -0.7 -0.7 -0.1  0.2  0.2 -0.1 -0.1 -2.2
C -2.2 -2.2 -2.2  0.8 -2.2  0.5  0.5 -2.2 -2.2  1.0  0.5 -2.2 -2.2 -2.2 -2.2  0.5
G -0.4  0.2  0.2 -0.4 -0.4 -2.2 -2.2 -2.2 -0.4 -0.4 -0.4  0.6 -0.4 -0.4  0.2 -2.2
T  0.2  0.5  0.7  0.2 -0.7 -0.2  0.7  1.1  0.9 -0.7 -0.2 -0.2  0.5  0.7  0.5  0.7
>IscR 27
A  0.2 -0.1  1.0 -0.4 -1.0 -0.4 -0.4  0.7 -0.4 -0.4 -0.1  0.6 -1.0 -0.1 -2.5  0.7 -1.0 -0.4  0.4 -2.5 -2.5 -2.5 -1.0  0.4 -0.4 -0.1  0.4
C  0.3 -0.7 -2.5 -0.1 -0.1 -0.1  0.7 -0.1  1.2  0.5  0.3  0.3 -0.7 -2.5 -0.1 -0.7 -0.1  0.3  0.3 -2.5 -2.5 -2.5 -2.5 -0.7 -2.5 -2.5 -2.5
G -0.7 -0.7 -2.5  0.3 -0.7 -0.7  0.5 -2.5 -2.5 -2.5  0.5 -2.5 -0.1 -0.7 -0.7 -2.5  0.8 -0.1 -0.7  1.1  1.4  1.4 -2.5 -0.7 -0.7 -0.7 -0.7
T -0.1  0.6 -0.4  0.2  0.7  0.6 -2.5 -0.4 -1.0  0.4 -1.0 -0.4  0.7  0.7  0.8 -0.1 -0.1  0.2 -0.4  0.2 -1.0 -1.0  1.1  0.2  0.8  0.7  0.4
>IHF 14
A  0.1  0.6  0.9 -0.1 -0.7  1.2  0.6 -0.2  0.1  0.5 -0.0 -1.2 -1.3  0.8
C -0.8 -2.3 -2.9 -1.6  1.3 -4.6 -1.2  0.1  0.0 -0.5  0.0 -4.6 -1.9 -0.8
G  0.2 -0.9 -2.2 -1.6 -1.6 -4.6  0.1 -0.3  0.0 -0.0  0.5 -0.7 -1.4 -0.6
T  0.2  0.2 -0.3  0.8 -2.0 -1.7 -0.6  0.2 -0.2 -0.5 -0.6  1.0  1.0 -0.9
>FhlA 17
A  0.3 -2.1 -0.6 -2.1 -2.1  0.3 -0.6 -2.1 -2.1 -0.6 -2.1 -2.1  0.8 -0.6 -0.0 -0.6 -0.0
C -0.3  0.3 -0.3 -0.3  1.3  0.7 -2.1 -2.1 -0.3 -2.1  1.1 -2.1  0.3  1.1 -2.1 -0.3 -0.3
G -0.3 -0.3  0.9  0.7 -2.1 -2.1  0.9 -2.1  0.3 -2.1 -2.1  1.5 -2.1 -0.3  1.2 -0.3  0.7
T -0.0  0.6 -0.6  0.3 -0.6 -0.6 -0.0  1.1  0.6  1.0 -0.0 -2.1 -2.1 -2.1 -2.1  0.6 -0.6
>FlhDC 19
A  0.9  1.1  0.4 -0.4 -2.8 -1.3 -0.4 -0.8 -0.4  1.1  0.6 -0.1  0.5  0.5 -0.1 -2.8 -0.4 -0.8 -0.1
C -2.8 -1.1 -0.5  0.2 -1.1  0.6  0.4 -0.5 -2.8 -2.8 -2.8 -2.8 -0.5 -2.8 -1.1  1.0 -2.8  0.8  0.8
G -1.1 -1.1 -2.8  1.0  1.5  0.6  0.7  0.4  1.1 -2.8 -0.5 -1.1 -2.8  0.9  1.1  0.7  1.3  0.6 -1.1
T -0.4 -2.8  0.4 -2.8 -2.8 -0.4 -1.4  0.4 -0.4 -0.8  0.0  0.8  0.2 -2.8 -1.4 -2.8 -1.4 -2.8 -0.4
>Fnr 14
A -4.5 -2.4 -0.9  1.1 -4.5  0.1 -0.4  0.1  0.4  0.8 -0.7 -2.4  0.9  0.6
C -2.7 -4.5 -2.1 -4.5 -0.1 -0.2 -0.8 -0.0 -1.3 -0.1 -1.5  1.2 -1.1 -0.3
G -1.1 -2.7  1.4 -2.1 -4.5  0.2 -0.7 -0.2  0.4 -2.1 -0.1 -0.5 -0.8 -0.8
T  1.1  1.2 -4.5 -1.0  1.0 -0.2  0.7  0.0 -0.3 -0.7  0.7 -0.8 -1.2 -0.4
>Fur 22
A -0.4  0.0  1.0 -0.1  1.0  1.0 -1.8 -0.1  0.8 -1.2 -0.4  0.6 -1.8 -0.8  1.1 -0.7 -0.7  0.4 -0.5 -0.1  1.0  0.0
C -0.3 -2.1 -1.2 -1.5 -3.9 -1.5 -0.2  0.1 -0.5 -2.1 -2.1  0.2 -0.5  1.2 -2.1 -2.1 -2.1 -0.9  0.2  0.6 -1.2 -2.1
G -1.5  1.1 -0.9 -0.3 -1.1 -0.5 -3.9  0.7 -0.5 -2.1 -3.9 -1.1 -0.9 -0.7 -1.1 -1.1 -3.9 -1.1  0.0 -0.9 -0.3 -2.1
T  0.7 -1.8 -1.8  0.6 -1.0 -3.9  1.0 -1.0 -1.2  1.1  1.0 -0.6  0.9 -1.2 -1.8  0.9  1.0  0.3  0.2 -0.1 -3.9  0.8
>GadE 22
A -0.3 -0.9 -0.3  0.7  0.7  0.8 -0.9  1.2  0.8  0.0  0.7  1.1  0.7  0.7 -0.9 -0.9 -0.9 -0.9  1.0  0.5  0.0 -0.3
C -0.6 -0.6 -2.4 -0.0 -2.4 -0.6 -2.4 -2.4 -2.4  0.3 -0.0 -2.4 -0.0 -0.0 -0.6  1.3  1.1 -2.4 -2.4 -0.0 -2.4  0.8
G -2.4  0.4 -0.6 -2.4 -0.6 -2.4 -0.6 -2.4 -0.0 -2.4 -2.4 -2.4 -2.4 -2.4 -0.6 -2.4 -2.4 -0.0 -2.4 -0.0 -0.0 -0.6
T  0.8  0.5  0.8 -0.4  0.0 -0.4  0.9 -2.4 -0.9  0.3 -0.4 -0.9 -0.4 -0.4  0.8 -0.9 -0.4  0.8 -0.4 -0.9  0.5 -0.4
>GadW 21
A -0.5  0.2  0.8 -0.5  0.6 -0.8  0.5  1.0  1.1  0.2  1.1 -0.5  0.0  1.0 -0.5  0.5 -0.8  0.7 -1.4 -0.8  0.3
C -1.1 -0.5 -1.1 -0.2 -2.9 -0.5  0.1 -1.1 -0.5 -0.2 -1.1 -0.5  0.8 -0.5 -2.9 -0.2  1.2 -0.2 -2.9 -2.9 -0.2
G -1.1 -0.1 -1.1 -1.1  0.3 -0.5 -1.1 -1.1 -2.9 -1.1 -2.9 -1.1 -2.9 -2.9  1.0  0.1 -2.9 -1.1 -1.1  0.1 -1.1
T  0.8  0.2 -0.2  0.7 -0.5  0.7 -0.2 -1.4 -2.9  0.3 -1.4  0.7 -0.2 -1.4 -0.2 -0.8 -0.5 -0.5  1.1  0.7  0.2
>GadX 22
A -0.2  0.4  0.6 -0.5  0.5 -0.7  0.6  0.7  0.9  0.5  0.9 -0.9  0.2  0.6 -0.5  0.6 -0.2  0.5  0.0 -0.2  0.3 -0.5
C -0.5 -0.8 -0.2 -0.0 -1.2 -0.2 -0.0 -0.3 -1.2  0.1 -1.8  0.1  1.0 -0.3 -0.5  0.2  0.9 -0.0 -1.2 -0.8 -1.2  0.1
G -1.8  0.0 -0.8 -1.2  0.5 -0.5 -0.5  0.0 -0.8 -1.8 -0.8 -1.2 -1.8 -0.3  0.7 -0.3 -3.6 -1.8 -1.2  0.1 -0.8 -0.8
T  0.7 -0.1 -0.5  0.6 -0.9  0.6 -0.7 -1.5 -0.9 -0.1 -0.7  0.7 -2.1 -0.7 -0.0 -2.1 -0.2 -0.1  0.7  0.4  0.4  0.5
>GalR 18
A  0.3  0.1 -2.6  0.5 -0.1 -2.6 -2.6 -0.1  0.7  1.2  0.1 -2.6 -0.1 -0.1 -2.6 -2.6  0.8 -1.1
C  0.2 -0.8  0.2 -0.8 -2.6 -0.8 -0.8 -0.8  0.2 -2.6 -2.6  1.2 -2.6 -2.6 -2.6 -2.6 -2.6  1.4
G  0.5 -0.2  0.7 -0.2  0.8 -2.6  1.3  0.7 -2.6 -2.6  0.8 -2.6  1.1  0.8 -2.6 -2.6 -0.8 -2.6
T -2.6  0.3  0.1 -0.2 -0.2  1.1 -1.1 -0.2 -0.5 -2.6 -0.5 -0.2 -1.1 -0.2  1.2  1.2 -0.2 -2.6
>GalS 19
A  0.3 -2.6  0.7 -0.1 -2.6 -2.6 -0.5  0.7  1.2 -0.1 -2.6 -0.1 -0.5 -2.6 -2.6  0.8 -2.6  1.0 -2.6
C -0.8  0.2 -2.6 -2.6 -0.2 -0.8 -0.2  0.2 -2.6 -2.6  1.2 -2.6 -2.6 -2.6 -2.6 -2.6  1.5 -0.2  0.7
G -0.2  0.5 -0.2  0.8 -2.6  1.2  0.7 -2.6 -2.6  0.8 -2.6  1.1  0.8 -2.6 -2.6 -2.6 -2.6 -2.6 -0.2
T  0.1  0.3 -0.2 -0.2  1.0 -0.5 -0.2 -0.5 -2.6 -0.2 -0.2 -1.1  0.1  1.2  1.2  0.1 -2.6 -2.6  0.3
>GcvA 18
A -1.9 -0.5  1.1  0.1  1.0  0.1  0.1  0.7  0.1 -0.5 -1.9  0.7  1.1 -1.9 -0.5 -1.9 -1.9  0.1
C -0.2 -0.2 -1.9  0.4 -1.9 -1.9 -1.9 -1.9 -0.2  1.3 -1.9 -1.9 -1.9 -1.9 -1.9 -0.2  0.8 -1.9
G -0.2  0.4 -1.9 -1.9 -1.9 -1.9 -1.9 -1.9 -0.2 -1.9 -1.9 -1.9 -1.9 -1.9  1.1  1.1 -0.2 -1.9
T  0.7  0.1 -1.9  0.1 -0.5  0.7  0.7  0.1  0.1 -1.9  1.1  0.1 -1.9  1.1 -0.5 -0.5  0.1  0.7
>GlpR 22
A  0.7  0.8  0.0  0.7 -1.4 -2.9  0.0 -2.9 -0.8  0.3  0.7  0.5  0.8  0.6 -2.9 -0.5  0.7  0.8  0.0  0.8 -0.8 -1.4
C -1.1 -1.1 -0.5 -2.9 -0.2 -2.9  0.8 -1.1  1.3 -0.5 -2.9 -1.1 -1.1 -2.9  1.3 -1.1  0.5 -1.1  1.1 -2.9 -0.5  0.1
G -1.1 -2.9 -2.9 -0.5 -1.1  1.5 -1.1  0.8 -0.5  0.7  0.1 -1.1 -2.9 -2.9 -1.1  1.2 -1.1 -0.1 -2.9 -0.1 -0.1 -0.1
T -0.0 -0.0  0.7 -0.0  0.8 -2.9 -0.5  0.4 -2.9 -1.4 -0.5  0.3 -0.0  0.4 -0.8 -1.4 -2.9 -0.8 -1.4 -0.5  0.7  0.6
>GlrR 23
A  0.1 -1.9 -0.5 -0.5 -0.5 -1.9 -0.5 -1.9  0.5  0.5  1.1  0.5  0.1 -0.5  0.5 -0.5  1.1 -1.9  1.0  1.0 -0.5 -0.5 -0.5
C -1.9 -0.2 -1.9 -1.9  0.8 -1.9  0.4 -0.2 -1.9 -0.2 -1.9 -1.9  0.4 -0.2  0.4 -0.2 -1.9  1.3 -1.9 -0.2  0.4 -1.9  0.4
G  1.1 -1.9  1.3 -0.2 -0.2  0.4  0.8 -0.2 -1.9 -0.2 -1.9 -0.2 -0.2  0.8 -0.2  1.1 -1.9 -0.2 -1.9 -1.9 -0.2  0.8 -0.2
T -1.9  0.9 -1.9  0.7 -0.5  0.7 -1.9  0.7  0.5 -0.5 -1.9  0.1 -0.5 -0.5 -1.9 -1.9 -1.9 -1.9 -0.5 -1.9  0.1  0.1  0.1
>GntR 22
A  0.6 -0.2 -2.3 -0.8 -0.2  1.0 -0.8 -2.3 -2.3 -0.8 -2.3  0.9  0.9 -0.8  1.2 -0.2  0.4  0.4 -0.8  0.1  1.2  0.6
C  0.1  0.4 -2.3 -2.3 -0.5 -2.3  0.9  0.9  1.1 -2.3 -0.5 -0.5 -2.3  1.2 -2.3 -2.3 -0.5 -0.5  0.4  0.4 -2.3 -2.3
G -2.3 -2.3  1.5 -0.5 -2.3 -2.3 -2.3  0.1  0.1  1.3 -2.3 -2.3 -2.3 -2.3 -2.3 -0.5 -2.3 -0.5  0.5 -0.5 -2.3 -2.3
T -0.3  0.4 -2.3  0.9  0.8 -0.8  0.1 -0.3 -0.8 -0.8  1.0 -0.8 -0.3 -0.8 -2.3  0.8  0.4  0.1 -0.3 -0.3 -2.3  0.4
>TyrR 21
A -3.0 -3.0 -1.5  0.8  0.4  0.6 -0.3  0.4  0.1  0.6  0.4  0.1 -0.6 -3.0 -3.0  1.1 -3.0  0.8 -3.0  0.2 -0.1
C  0.0 -3.0 -3.0 -0.3  0.0 -0.6 -3.0  0.4  0.0 -0.6 -0.6  0.0 -1.2 -3.0 -1.2 -0.6  1.5 -3.0  0.9  0.2 -0.3
G -3.0  1.5 -0.2 -3.0 -3.0 -1.2  0.6 -0.6 -0.2 -0.6 -1.2  0.6 -1.2 -1.2 -0.6 -3.0 -3.0  0.0  0.2 -0.6 -0.2
T  0.9 -3.0  0.9 -0.6  0.2  0.1  0.3 -0.6  0.1 -0.1  0.3 -1.0  0.9  1.1  1.0 -3.0 -3.0 -1.0 -0.3 -0.1  0.3
>LexA 22
A -0.3  0.4 -1.4 -1.7 -1.4 -3.8 -0.1 -0.2  0.2 -0.7  0.2 -1.4  0.9 -0.7  0.6 -2.3  1.1 -3.8 -1.7  0.4  0.3  0.4
C -0.0 -0.0  1.4 -1.4 -2.0 -2.0 -1.1 -0.6 -2.0 -2.0 -0.3 -0.4 -0.4 -2.0  0.2  1.5 -3.8 -3.8 -0.0 -2.0 -0.6 -1.1
G -0.6  0.2 -2.0 -1.4  1.5  0.5  0.2 -1.4 -0.1 -3.8 -0.4 -2.0 -1.1 -0.4 -1.1 -2.0 -1.4  1.5 -0.6 -0.6 -0.4 -0.4
T  0.5 -1.1 -1.1  1.1 -2.3  0.7  0.3  0.7  0.4  1.0  0.1  0.9 -1.4  0.8 -0.8 -3.8 -1.8 -2.3  0.7  0.3  0.2  0.1
>LeuO 23
A  1.1 -2.4  0.3  0.3  0.5 -0.9  0.8 -0.3  0.0  0.3 -2.4 -0.9  1.1  1.0 -0.9  0.3 -0.3  0.3  0.3  0.0  0.0  0.0 -0.3
C -2.4 -2.4 -0.6  0.3 -0.6 -0.6 -0.0  0.6  0.3 -2.4 -0.6 -2.4 -2.4 -2.4 -2.4 -2.4 -0.6 -2.4 -0.6 -0.6 -2.4 -2.4  0.6
G -2.4 -2.4 -2.4 -0.6 -0.6 -2.4 -2.4 -2.4 -0.0  0.8 -0.6  1.3 -0.6 -0.6 -2.4 -2.4  0.4 -2.4 -0.6 -2.4 -0.0 -0.0 -0.6
T -0.9  1.1  0.5 -0.4  0.0  0.9 -0.9  0.3 -0.4 -0.9  0.9 -0.9 -2.4 -0.9  1.0  0.7  0.3  0.7  0.3  0.7  0.5  0.5  0.0
>Lrp 13
A -0.7  0.2  0.4 -1.7  0.1 -0.6 -0.6  0.6 -0.7 -0.4 -0.6 -4.4 -2.9
C -0.7  0.0 -4.4 -0.3 -1.2 -2.6 -0.8 -0.7 -0.6  0.4  1.1 -4.4 -4.4
G  0.8 -0.0 -0.2 -0.7 -0.7 -1.0 -1.0 -1.2 -0.8 -0.5 -1.4 -0.1  1.0
T  0.0 -0.2  0.3  0.8  0.5  0.9  0.8  0.1  0.8  0.2 -0.5  1.0  0.3
>MalT 9
A -0.1  0.3 -2.8 -2.8  0.8 -2.8 -2.8  1.2 -2.8
C -0.4 -2.8 -2.8 -2.8 -0.4 -2.8 -2.8 -2.8 -2.8
G  1.0  0.9  1.5  1.5 -1.0  0.8  1.5 -2.8  1.4
T -2.8 -1.3 -1.3 -2.8 -0.7  0.6 -1.3 -2.8 -0.7
>MetJ 19
A  0.4 -1.3  1.1 -1.3 -0.1 -2.8 -0.3 -0.1  0.9  0.1  1.0 -1.3  0.3 -0.7 -0.1 -1.3 -0.1 -0.1  1.0
C -2.8 -2.8 -2.8  1.0 -2.8 -2.8  1.1 -0.4 -2.8 -0.0 -2.8  0.9 -2.8 -1.0  0.9 -0.4 -2.8 -0.4 -1.0
G  0.8  1.4 -2.8 -2.8  1.2 -0.0 -2.8 -1.0 -0.0  0.3 -1.0 -1.0  0.6 -0.4 -0.4 -0.0  0.5  0.3 -1.0
T -1.3 -1.3 -1.3  0.1 -2.8  1.0 -0.7  0.6 -1.3 -0.4 -1.3  0.1 -0.4  0.8 -1.3  0.7  0.3  0.1 -1.3
>Nac 17
A -0.0  0.2  0.9 -0.3 -0.3 -0.0 -1.2 -0.6 -1.2 -2.7  1.0 -1.2  0.2 -0.6 -2.7 -0.0  0.4
C -2.7 -0.3 -0.9 -0.9 -2.7  0.0 -2.7  0.8 -2.7  0.0 -2.7 -0.9 -2.7 -0.9  0.5  0.0 -0.3
G  0.5  0.3 -0.9 -2.7 -0.9 -2.7  0.0 -2.7 -0.9 -0.3 -0.3 -0.9  0.7  0.5  1.0  0.3  0.0
T  0.2 -0.3 -0.7  0.8  0.8  0.5  0.8  0.2  1.0  0.7 -1.2  0.9 -0.3  0.3 -1.2 -0.3 -0.3
>NagC 25
A  0.9 -0.4  0.3 -0.4  1.0  0.0 -1.6 -3.0 -3.0  0.2 -0.4 -0.4  0.8  0.2 -0.1  0.4  0.4  1.1  1.2  0.5 -0.6  1.1  0.5 -0.6  0.4
C -1.3  0.4 -1.3 -1.3 -3.0 -3.0 -3.0 -3.0  1.2 -3.0  0.9 -0.3 -0.3  0.4 -3.0  0.4 -3.0 -1.3 -3.0 -3.0 -0.7 -3.0 -0.7  0.7  0.4
G -0.7 -0.0 -3.0 -3.0 -3.0 -1.3 -3.0 -3.0 -3.0  1.0 -3.0  1.0 -1.3 -0.7  1.0 -0.7  0.5 -3.0 -3.0 -0.3 -0.7 -0.7 -0.3  0.2 -3.0
T -1.0  0.0  0.6  0.9 -0.6  0.8  1.1  1.2 -0.2 -1.6  0.0 -1.0 -0.6 -0.2 -0.4 -0.6 -0.4 -3.0 -3.0  0.2  0.8 -3.0 -0.2 -0.6 -0.2
>NanR 7
A -2.3  1.0 -2.3  1.2 -2.3 -2.3  0.1
C -2.3 -2.3 -0.5 -2.3  1.5  1.5 -2.3
G -2.3 -0.5 -2.3 -2.3 -2.3 -2.3 -2.3
T  1.1 -2.3  1.0 -2.3 -2.3 -2.3  0.8
>NarL 17
A  0.3 -1.8  1.1  0.4 -2.7 -0.4  0.4 -1.0  0.4  0.5 -0.3 -1.0 -0.3  0.1 -0.5  0.2  0.8
C  0.1 -1.9 -1.9  0.8  0.9  0.6  0.8 -0.1 -0.3 -0.4  0.2 -1.0 -0.3 -1.9  0.1 -0.2 -1.9
G -0.5 -1.5 -4.2 -1.9 -2.5 -0.1 -4.2 -0.7 -1.9 -2.5  0.1  0.5  0.5  0.4  0.6 -0.7 -0.8
T -0.1  1.1 -1.4 -1.8  0.5 -0.3 -1.0  0.7  0.2  0.2 -0.0  0.5 -0.1  0.2 -0.2  0.2 -0.2
>NarP 16
A -1.1  0.8  0.3 -1.1 -2.6  0.5  0.3  0.5  0.5  0.5 -0.5 -2.6  0.5 -0.5 -1.1  0.8
C -2.6 -0.2  0.7  1.4  1.0  0.7 -2.6 -0.8 -0.2  0.7 -2.6 -0.2 -2.6 -2.6 -0.8 -2.6
G -2.6 -0.8 -0.8 -2.6 -2.6 -2.6 -0.2 -2.6 -0.8 -0.8  1.1  0.2  0.7  1.2 -2.6  0.5
T  1.1 -1.1 -1.1 -2.6  0.3 -1.1  0.3  0.3 -0.2 -2.6 -0.5  0.6 -1.1 -1.1  1.0 -2.6
>NrdR 19
A -1.9  0.7  0.5  0.5 -1.9  0.1 -1.9  0.1  1.1 -1.9  1.1 -1.9  1.0 -1.9  0.5 -1.9 -1.9 -1.9 -0.5
C -1.9 -0.2 -0.2  0.4 -0.2 -0.2  1.5 -1.9 -1.9 -0.2 -1.9 -1.9 -1.9 -1.9 -1.9 -1.9 -1.9 -1.9 -0.2
G -0.2 -1.9 -0.2 -1.9 -0.2  0.4 -1.9 -1.9 -1.9  0.4 -1.9 -1.9 -0.2 -0.2 -1.9  1.5 -0.2  1.3 -0.2
T  0.9 -0.5 -0.5 -0.5  0.7 -0.5 -1.9  0.7 -1.9  0.5 -1.9  1.1 -1.9  0.9  0.5 -1.9  0.9 -0.5  0.5
>NsrR 15
A  0.2  1.0  1.2 -0.0  1.1 -3.7 -2.2 -0.6  0.8 -0.2 -0.0 -0.2 -0.3  0.5  0.1
C -1.0 -3.7 -3.7  0.1 -3.7 -3.7 -3.7  1.0 -1.9 -1.0 -1.0 -1.9  0.1 -0.1  0.2
G -0.3 -3.7 -3.7  0.6 -1.9 -1.9  1.5 -0.7 -0.9 -0.1 -3.7 -1.9 -0.1 -0.7  0.1
T  0.3 -0.5 -3.7 -1.0 -1.6  1.2 -3.7 -0.5 -0.1  0.5  0.8  0.9  0.3 -0.2 -0.5
>NtrC 20
A  0.1  0.2 -0.4 -1.3 -1.8  0.8 -1.8 -0.9  0.9 -1.3 -1.8 -1.3 -0.9 -0.3 -1.3 -0.9 -3.3 -0.9  0.8  0.4
C -3.3 -1.0 -0.1 -3.3  1.5 -0.3  1.3  0.8 -1.6 -3.3 -1.0 -0.6 -0.3 -1.6 -0.6 -0.6 -0.3  1.3 -1.0  0.5
G  0.7 -0.3 -1.6  1.5 -3.3 -0.1 -3.3  0.2 -0.6 -3.3  0.2  0.2 -1.6  1.0  1.3  0.6  1.4 -0.6 -0.1 -0.3
T -0.1  0.3  0.7 -3.3 -1.9 -3.3 -0.5 -0.7 -0.9  1.1  0.7  0.6  0.8 -0.5 -1.3  0.3 -1.9 -3.3 -1.3 -1.3
>OmpR 22
A  0.5  0.7 -0.0  0.6 -0.7 -1.0 -0.7  0.8  0.9 -0.7 -0.0  1.0  0.9  0.9  0.3 -0.0 -0.4  0.5  0.7  0.3  0.7  0.4
C -3.1 -0.4  0.1 -0.1 -0.1 -3.1 -0.4 -1.3 -3.1  1.2  0.5 -3.1 -0.7 -3.1 -0.7 -0.4 -3.1 -3.1 -3.1  0.5 -0.4 -0.4
G -0.3 -0.3 -0.7 -0.1 -0.7  1.2 -1.3 -3.1 -1.3 -3.1 -0.7 -0.3 -0.7  0.1 -0.7  0.5 -3.1 -0.1 -3.1 -0.7 -3.1 -0.7
T  0.2 -0.7  0.2 -1.0  0.6 -0.4  0.8 -0.0 -0.2 -0.7 -0.0 -1.6 -1.6 -1.6  0.4 -0.2  1.0  0.1  0.2 -0.4 -0.2  0.1
>OxyR 20
A  0.4  0.1  0.2 -0.7 -0.1 -0.3  0.3  0.3  0.3  0.7  0.4 -1.3 -0.4  1.0 -3.8 -1.1  0.5 -0.1  0.1 -0.3
C -0.5 -0.5 -0.2 -0.8 -0.1  0.0 -0.5 -1.4 -0.4 -0.5  0.5  1.3 -2.0 -1.4 -3.8  0.6 -3.8  0.7 -0.8 -0.4
G -0.3 -1.4 -0.3  1.1  0.9 -0.7 -1.4 -0.3 -0.2 -0.3 -0.5 -3.8 -0.5 -0.3 -3.8 -0.5  0.2 -0.3 -0.7  0.5
T  0.0  0.6  0.1 -0.9 -1.7  0.5  0.4  0.4  0.0 -0.9 -0.9 -0.4  0.8 -3.8  1.2  0.3 -0.1 -0.6  0.5 -0.0
>PdhR 19
A -2.3  0.4  1.2 -2.3 -2.3 -0.8 -0.8 -0.8  0.1  0.4  0.1  1.2 -2.3  0.1  1.2  0.6 -0.8  0.1 -0.8
C  0.9 -0.5 -2.3  0.1  0.1 -2.3 -2.3 -0.5  0.7 -2.3 -0.5 -2.3  1.4  1.1 -2.3 -2.3 -0.5 -2.3 -2.3
G  0.1 -0.5 -2.3 -2.3 -2.3  1.4  1.4 -2.3 -0.5 -2.3  0.1 -2.3 -0.5 -2.3 -2.3 -0.5 -2.3  0.1 -2.3
T -0.3  0.1 -2.3  0.9  0.9 -2.3 -2.3  0.9 -0.8  0.6  0.1 -2.3 -2.3 -2.3 -2.3  0.1  0.9  0.4  1.0
>PhoB 20
A  0.5 -0.4  0.2 -0.6 -1.8  0.7 -0.6  1.0 -0.6  0.1 -1.2 -0.9 -1.8  0.4 -0.9 -0.9  0.4 -0.2  1.1 -0.1
C -0.6 -0.3 -0.6 -1.5 -0.9 -1.5  1.3 -1.5 -0.6  0.1 -0.6 -1.5 -1.5 -0.3 -0.3 -0.9 -0.9  0.9 -1.5 -0.1
G -0.9 -0.3  0.5 -0.9  0.9 -0.3 -3.3 -1.5  0.7 -3.3 -1.5 -0.5 -1.5  0.5 -1.5  0.9 -0.3 -0.3 -3.3  0.7
T  0.0  0.5 -0.4  0.9  0.2 -0.2 -1.3 -1.3  0.0  0.4  0.9  0.9  1.1 -1.8  0.8 -0.1  0.0 -0.9 -1.8 -0.9
>PhoP 18
A -0.2 -0.3  0.1 -2.1 -0.9 -0.5  0.9 -0.2 -0.9 -0.1  0.2 -0.5 -1.1 -0.5 -2.1 -2.1 -0.7  1.1
C  0.1 -0.8 -0.8 -1.2 -1.8 -1.8 -0.8 -1.2  0.8 -0.0 -0.3  0.6  0.1 -3.6 -3.6 -3.6 -1.8 -3.6
G -0.3 -0.8  0.9 -1.8 -0.8 -1.2 -0.8  0.3  0.1  0.0 -0.3 -0.3 -0.5  1.3 -0.8 -1.2 -0.3 -0.8
T  0.2  0.7 -1.1  1.1  0.9  0.9 -1.5  0.4 -0.5  0.1  0.2 -0.0  0.6 -1.1  1.1  1.1  0.8 -3.6
>PurR 17
A  0.8 -0.7 -3.1 -1.6  1.2  1.2  0.8 -3.1 -3.1 -1.1 -3.1 -3.1 -0.2 -3.1 -1.1 -1.1 -1.6
C -3.1  1.2 -1.4  1.4 -3.1 -3.1 -0.8  1.5 -3.1 -3.1 -3.1 -1.4 -1.4  1.5  0.5 -0.8 -0.4
G  0.3 -0.8  1.5 -1.4 -3.1 -3.1 -1.4 -3.1  1.6  0.1 -1.4 -1.4 -0.8 -3.1  0.3 -1.4 -0.1
T -1.7 -1.1 -3.1 -3.1 -3.1 -3.1 -0.3 -3.1 -3.1  0.8  1.1  1.1  0.7 -1.7 -0.1  0.9  0.7
>PuuR 22
A  0.8  0.8  0.5  0.5 -1.6 -1.6 -1.6  1.1  0.8  0.8  1.1  0.5  1.1 -1.6  0.8  0.8 -1.6 -1.6  0.8  0.5 -1.6  1.1
C -1.6 -1.6  0.2 -1.6  0.2 -1.6 -1.6 -1.6  0.2 -1.6 -1.6 -1.6 -1.6 -1.6 -1.6 -1.6 -1.6  0.2 -1.6  0.8  1.4 -1.6
G -1.6  0.2  0.2  0.8 -1.6  1.1  1.1 -1.6 -1.6 -1.6 -1.6 -1.6 -1.6 -1.6 -1.6 -1.6 -1.6  1.1  0.2 -1.6 -1.6 -1.6
T -0.1 -1.6 -1.6 -1.6  0.8 -0.1 -0.1 -1.6 -1.6 -0.1 -1.6  0.4 -1.6  1.1 -0.1 -0.1  1.1 -1.6 -1.6 -1.6 -1.6 -1.6
>RcsAB 18
A -1.9 -1.9  1.0  1.1 -0.5 -0.5  0.1 -0.5  0.5  0.7 -1.9 -1.9 -1.9  0.1  1.0  0.7  1.1  0.7
C  0.8 -1.9 -1.9 -1.9 -1.9 -1.9 -1.9 -0.2 -0.2 -0.2 -1.9  1.1  1.5 -1.9 -0.2 -1.9 -1.9 -1.9
G -0.2 -1.9 -0.2 -1.9  1.1  1.1  0.4 -1.9 -1.9 -1.9 -1.9 -1.9 -1.9 -0.2 -1.9 -1.9 -1.9 -1.9
T  0.1  1.1 -1.9 -1.9 -0.5 -0.5  0.1  0.7  0.1 -0.5  1.1  0.1 -1.9  0.5 -1.9  0.1 -1.9  0.1
>RhaS 20
A -0.1 -2.2 -2.2 -2.2 -0.7  0.5  0.5 -0.7  0.5  0.9 -0.7  0.5  0.2  0.2  0.5 -0.1 -0.7  0.7  0.5 -2.2
C  0.8  0.2 -0.4 -2.2  1.4  0.2 -2.2  0.5  0.8 -2.2  1.0 -2.2 -2.2  0.2  0.2 -0.4 -2.2 -2.2 -2.2 -0.4
G -2.2 -2.2  0.8  0.8 -2.2  0.2  0.8 -0.4 -2.2 -0.4  0.2  0.8  1.0  0.6 -0.4 -0.4  0.8 -0.4 -0.4  1.2
T -0.2  0.9  0.2  0.5 -2.2 -2.2 -2.2  0.2 -2.2 -0.7 -2.2 -2.2 -2.2 -2.2 -0.7  0.5  0.2 -0.2  0.2 -0.7
>RutR 20
A -0.3 -0.3 -0.3  0.9 -1.8 -0.3  0.6  0.3 -1.8 -1.8  0.3 -1.8 -0.3 -1.8  0.3  1.1 -0.3 -1.8 -0.3 -1.8
C -0.0 -0.0 -1.8 -0.0  1.4  1.2 -1.8 -1.8 -0.0 -1.8 -0.0 -1.8 -1.8  1.4  0.6 -1.8  1.2 -1.8 -0.0 -0.0
G -1.8 -1.8  1.2 -1.8 -1.8 -1.8  0.6 -0.0 -0.0 -1.8  0.6  1.4 -1.8 -1.8 -1.8 -1.8 -1.8  0.6 -1.8 -0.0
T  0.6  0.6 -1.8 -1.8 -1.8 -1.8 -1.8  0.3  0.6  1.1 -1.8 -1.8  0.9 -1.8 -0.3 -1.8 -1.8  0.6  0.6  0.6
>SoxS 22
A  0.1 -0.3  0.3 -0.1 -1.4 -1.4  0.3  0.2 -2.0  0.2  0.1 -0.0 -0.4 -0.1 -0.4 -0.8 -3.5 -3.5 -0.8  0.3 -1.1 -0.1
C -0.8  0.3 -1.7 -1.1 -1.7 -3.5 -0.8 -0.3  0.9  0.4 -1.1 -1.7 -0.8  0.1 -1.7 -1.7 -1.7  1.3  1.0 -1.7  0.1  0.2
G  0.3  0.1  0.2 -1.7 -0.5 -0.7  0.5  0.4 -0.5 -0.1  0.2 -0.7 -1.7 -3.5  1.1 -1.1  1.5 -1.1 -0.5  0.6 -3.5 -0.5
T  0.0 -0.1  0.0  0.8  0.9  1.0 -0.6 -0.6  0.0 -0.8  0.2  0.7  0.8  0.6 -0.6  0.9 -3.5 -0.6 -0.4 -0.4  0.8  0.2
>TrpR 21
A  0.7 -0.5 -0.5  0.7 -1.9 -0.5 -1.9  0.5  1.1 -0.5 -1.9  1.1 -1.9 -1.9  0.1  0.1  0.7  0.1 -1.9  1.0 -1.9
C -1.9  0.8  0.4 -0.2 -0.2  0.8 -1.9 -1.9 -1.9  1.3 -0.2 -1.9 -1.9 -1.9 -1.9  0.8 -1.9  0.8 -1.9 -1.9 -1.9
G -0.2 -0.2 -1.9 -1.9  0.8 -1.9  1.3 -1.9 -1.9 -1.9 -0.2 -1.9  1.5 -1.9 -0.2 -1.9  0.4 -1.9 -0.2 -0.2  1.5
T -0.5 -0.5  0.5 -0.5  0.1  0.1 -0.5  0.5 -1.9 -1.9  0.7 -1.9 -1.9  1.1  0.5 -0.5 -1.9 -0.5  0.9 -1.9 -1.9
>XylR 21
A  0.7  0.7  0.2 -0.1  0.5 -0.7  0.2  1.0  1.0  0.9  0.7  0.7 -0.1 -2.2  0.2 -2.2  1.0  1.0 -0.7  0.2 -0.7
C  0.5 -0.4 -2.2 -2.2 -2.2  0.2  0.2 -2.2 -0.4 -2.2 -2.2 -0.4 -0.4  1.2 -2.2  0.2 -2.2 -2.2  0.2  0.2 -2.2
G -2.2 -0.4  0.2  0.2  0.8 -2.2  0.6 -2.2 -2.2 -2.2 -2.2 -2.2 -0.4 -0.4  0.8 -2.2 -0.4 -0.4 -2.2 -2.2  1.4
T -2.2 -0.7  0.2  0.5 -2.2  0.7 -2.2 -0.7 -2.2 -0.2  0.2 -0.2  0.5 -0.7 -0.7  0.9 -2.2 -2.2  0.7  0.2 -2.2
>YdeO 31
A -0.5 -0.5 -0.5 -1.9  1.0 -0.5 -1.9 -1.9 -0.5 -0.5  1.0 -0.5 -1.9  1.0 -1.9  0.1  0.5  0.5  0.5  1.1 -1.9 -0.5  0.1  0.5  0.7  0.5  0.1  0.1 -0.5  0.1 -1.9
C -1.9 -1.9  0.4  0.8 -1.9 -1.9 -1.9 -0.2  0.4  0.8 -0.2 -0.2  0.4 -1.9 -0.2 -1.9  0.8 -1.9 -0.2 -1.9 -1.9 -1.9 -1.9  0.4 -1.9 -1.9 -1.9  0.4  0.4  0.4  1.3
G  0.4  0.4 -0.2 -0.2 -1.9 -0.2 -1.9 -1.9 -1.9 -1.9 -1.9  0.4  0.8 -0.2 -1.9 -0.2 -1.9 -1.9  0.4 -1.9  0.8  1.3  0.4 -0.2 -0.2 -0.2 -0.2 -1.9 -0.2 -0.2 -1.9
T  0.5  0.5  0.1  0.1 -0.5  0.7  1.1  0.9  0.5  0.1 -1.9  0.1 -0.5 -1.9  0.9  0.5 -1.9  0.5 -1.9 -1.9  0.5 -1.9  0.1 -1.9 -0.5  0.1  0.5  0.1  0.1 -0.5 -0.5