>>ArcA-1
log-odds matrix: alength= 4 w= 30 n= 6795 bayes= 7.22882 E= 1.9e-021 
   114    -22  -1214    -86 
    98  -1214  -1214     39 
    81    -90  -1214     23 
   -72     36   -201     67 
   -72   -222    185   -127 
  -371    -42   -201    127 
    19    -42     80    -69 
    81  -1214     99   -127 
  -172    173    -42   -185 
    98    -90    -42    -86 
    68     10    -42    -86 
    60    -64  -1214     39 
   124    -64   -142   -153 
   141   -122   -142   -227 
   -26     -5    -68     47 
  -113    -42    164   -105 
  -272   -122     16    105 
   -91     48    -68     47 
   137  -1214    -68   -127 
   -72     68    -42     14 
    45   -122    -20     14 
  -172  -1214   -201    143 
   -55   -164    -68     95 
   -91   -322   -101    119 
   -72    -22  -1214    100 
     9  -1214     32     54 
  -371     10    116     14 
   -26   -164  -1214    110 
    98   -322   -101     -5 
   104  -1214    -42    -27 
>>ArcA-2
log-odds matrix: alength= 4 w= 30 n= 6342 bayes= 7.22882 E= 2.0e-146 
 -1204    177    -21  -1204 
  -250   -181     52    103 
 -1204   -240    120     86 
 -1204   -240    225    -92 
   159  -1204   -180   -114 
 -1204    -81    137     45 
    31    -40   -280     52 
 -1204  -1204      1    140 
  -250     69  -1204     80 
 -1204    151   -121    -55 
   115     -8  -1204    -92 
  -191  -1204    196    -14 
  -118  -1204   -180    140 
  -191     41   -180     80 
   120      6   -180   -214 
 -1204   -339    173     45 
 -1204     69   -180     80 
    59    106   -121  -1204 
    67   -181  -1204     67 
 -1204    181  -1204   -140 
 -1204     99    -48     28 
  -250   -339    129     73 
 -1204    173    -48   -272 
  -349    189   -180  -1204 
  -250     69    111    -72 
 -1204     60      1     52 
 -1204  -1204    -48    148 
 -1204     69   -180     80 
    41  -1204    -80     80 
  -191    -23  -1204    118 
>>ArgP
log-odds matrix: alength= 4 w= 30 n= 5285 bayes= 7.22882 E= 4.3e-077 
   171   -283   -276  -1177 
   125     -2   -176   -247 
    99     98   -276  -1177 
  -233    -83     56     78 
    99   -283     24    -88 
    58  -1177    105    -88 
   113     -2   -117   -188 
  -333  -1177    -17    134 
  -133   -183    -76    118 
   -74   -183      5     85 
   -52  -1177    -44    106 
  -101  -1177    149     -1 
   -74    156   -276    -66 
  -133   -283   -276    139 
   -74  -1177     24     92 
 -1177    -51    170    -47 
   106     49  -1177   -147 
  -101   -125   -117    112 
  -174  -1177     83     85 
  -101    181   -117   -247 
   113   -125   -176    -47 
  -333    -51     41     85 
  -233   -283    189    -66 
   -74    134    -76    -66 
   119   -283    -44    -88 
   158   -283   -176   -247 
 -1177  -1177    194    -30 
 -1177    181   -176    -47 
  -174   -183    189   -115 
  -233   -183    200   -147
>>ArgR
log-odds matrix: alength= 4 w= 30 n= 2981 bayes= 8.77275 E= 9.6e-021 
   177   -997   -997   -997 
   162   -997   -997   -145 
  -155   -997   -108    154 
     3   -114   -108     86 
   103   -997   -997     54 
   145   -997   -997    -46 
    45    -14   -997     54 
   177   -997   -997   -997 
  -155   -114   -997    154 
  -155   -114    124     13 
  -997    218   -997   -997 
   162   -997   -997   -145 
     3     44     51   -145 
   -55   -997   -997    154 
    77   -114   -997     54 
    77   -997   -997     86 
    77   -997   -108     54 
   -55   -114   -997    135 
   103   -997   -108     13 
  -997   -114   -997    171 
  -997   -997    224   -997 
    77     44   -108   -145 
   125   -997     -8   -145 
  -997   -997   -997    186 
   145   -997     -8   -997 
   177   -997   -997   -997 
   125   -997   -997     13 
    45   -114   -997     86 
   177   -997   -997   -997 
   -55   -997   -997    154 
>>CdaR
log-odds matrix: alength= 4 w= 30 n= 1355 bayes= 8.32921 E= 2.7e-005 
  -897    218   -897   -897 
  -897    145   -897     51 
   -51   -897    -11    110 
    49    -14     89   -897 
  -897    186    -11   -897 
   107     86   -897   -897 
  -897     86    148   -897 
  -897   -897    221   -897 
  -897    -14    189   -897 
   -51    145   -897    -48 
  -897   -897    221   -897 
  -897   -897    189    -48 
   -51    145    -11   -897 
   181   -897   -897   -897 
    49     86   -897    -48 
    49    -14   -897     51 
    49    -14     89   -897 
    49    145   -897   -897 
    49    145   -897   -897 
   149   -897   -897    -48 
  -897   -897    -11    151 
  -897    218   -897   -897 
   -51    145    -11   -897 
  -897    218   -897   -897 
  -897   -897     89    110 
  -897   -897    221   -897 
   149    -14   -897   -897 
   149   -897    -11   -897 
   149    -14   -897   -897 
  -897   -897    -11    151 
>>Cra
log-odds matrix: alength= 4 w= 29 n= 3800 bayes= 7.2384 E= 3.5e-050 
   108     83   -250  -1129 
   142    -75    -92  -1129 
   -83     66     49    -52 
  -283     47    108    -52 
 -1129     -2    108     16 
  -124    -34    140   -125 
   163  -1129    -92  -1129 
   -51   -134  -1129    133 
    87     25    -92   -125 
   126   -134   -150    -84 
   181  -1129  -1129  -1129 
   175  -1129   -250  -1129 
    49  -1129     66    -25 
  -183     98   -250     75 
  -283  -1129    189   -125 
 -1129   -234  -1129    175 
 -1129  -1129    174    -25 
    63     47      8   -283 
   -83    -75     82     16 
 -1129  -1129    140     48 
  -283    112    -18     16 
  -124   -234     82     62 
    17     25     95  -1129 
    49  -1129    140  -1129 
   -51   -134  -1129    133 
  -124     98     95   -283 
   108     66  -1129   -184 
    -2    -34    130  -1129 
   134   -134    -51   -283 
>>CysB-2
log-odds matrix: alength= 4 w= 29 n= 3648 bayes= 7.2384 E= 8.4e-037 
   -41   -233  -1123    114 
  -173  -1123  -1123    143 
   144  -1123  -1123    -45 
 -1123    -74     26     97 
  -273    -74  -1123    129 
  -273    184   -106   -144 
   -73    148    -48   -144 
   -14     67     -6    -45 
   -14  -1123    -48     88 
   -41   -233  -1123    114 
    59    -33  -1123     29 
   -73  -1123     26     88 
 -1123     48    152    -71 
   -14   -233    126    -22 
   144   -133  -1123   -103 
   118     -1   -206   -144 
  -173     -1   -106     88 
 -1123  -1123    -48    136 
   118     48  -1123   -203 
  -273    113    152  -1123 
    59  -1123   -206     67 
    27     67  -1123     -3 
   166  -1123   -106   -303 
 -1123  -1123  -1123    155 
 -1123     84   -106     67 
    44     84     26   -303 
    27     99  -1123    -45 
   -41     67  -1123     43 
   179  -1123   -206  -1123
>>EvgA
log-odds matrix: alength= 4 w= 29 n= 3536 bayes= 8.89735 E= 2.2e-005 
  -897   -897   -897    169 
  -897   -897   -897    169 
  -897     10      2     95 
  -897   -897   -897    169 
  -897   -897    234   -897 
    39    110   -897    -63 
   139   -897      2   -897 
    97    110   -897   -897 
   -61   -897    161    -63 
    39   -897    161   -897 
   -61    110    102   -897 
    39   -897   -897     95 
   -61   -897   -897    136 
    39   -897   -897     95 
  -897   -897   -897    169 
  -897    242   -897   -897 
  -897     10   -897    136 
  -897   -897   -897    169 
   171   -897   -897   -897 
  -897    242   -897   -897 
   139   -897      2   -897 
  -897     10    161    -63 
   -61     10      2     36 
   -61   -897   -897    136 
  -897   -897    234   -897 
  -897   -897   -897    169 
   171   -897   -897   -897 
  -897   -897    234   -897 
  -897   -897    161     36 
>>Fnr-1
log-odds matrix: alength= 4 w= 16 n= 5775 bayes= 7.35755 E= 1.1e-013 
 -1177   -281    181     -1 
   101    -49    -39   -147 
    94    -81    -12   -114 
    62      0  -1177     12 
  -106     19  -1177     99 
  -138   -122     88     53 
  -337    -22   -112    118 
   -38   -281    181   -188 
   127    -81    -39   -346 
 -1177  -1177    205    -47 
 -1177    215  -1177   -147 
    87   -281    -71     -1 
   167  -1177   -171  -1177 
   108      0  -1177    -88 
   153   -281    -71  -1177 
    21  -1177     88     -1 
>>Fnr-2
log-odds matrix: alength= 4 w= 16 n= 9075 bayes= 7.35755 E= 8.0e-043 
  -165  -1243     -2    125 
   -97  -1243   -148    139 
 -1243    103  -1243     91 
  -297     14  -1243    128 
 -1243   -256    157     28 
    73    -39     52   -204 
   108     14   -148   -172 
 -1243     69     43     35 
  -297    209   -247   -404 
    28    -97    -48     42 
   139   -156    -15  -1243 
   142   -156   -347   -104 
   179  -1243   -347  -1243 
    99   -256    -31    -34 
   108   -356  -1243     35 
  -197   -356    157      5 
>>Fur-1
log-odds matrix: alength= 4 w= 30 n= 7046 bayes= 8.7436 E= 9.4e-036 
   112  -1081   -204     26 
  -233    -93  -1081    158 
  -134   -193    155    -74 
    -2     87    -45    -74 
   125   -193  -1081      0 
   157  -1081   -204   -133 
   157  -1081   -104   -232 
  -233    -93  -1081    158 
   -34  -1081    177  -1081 
   157    -35  -1081  -1081 
    -2  -1081     -4     84 
   183  -1081  -1081  -1081 
   157  -1081  -1081    -74 
  -134   -193  -1081    158 
    66    -93     55   -133 
   147   -193    -45  -1081 
 -1081  -1081  -1081    184 
  -134  -1081  -1081    167 
   125    -93   -104   -133 
 -1081   -193   -204    167 
 -1081    187   -204    -74 
   157   -193   -104  -1081 
    25  -1081   -204    113 
   -34  -1081   -204    137 
    66      6   -104    -33 
    -2    106   -104    -74 
    47     65  -1081      0 
   112  -1081     28   -133 
    -2   -193  -1081    126 
  -233   -193   -204    158 
>>Fur-2
log-odds matrix: alength= 4 w= 26 n= 5500 bayes= 9.35262 E= 3.4e-032 
    42    -34  -1081     61 
   131  -1081    -90    -80 
   120   -193   -189    -39 
  -238    -93  -1081    152 
    -6  -1081    180  -1081 
   152    -93   -189  -1081 
    42  -1081    -31     61 
   161  -1081  -1081   -139 
   120  -1081   -189     -7 
 -1081   -193  -1081    170 
    20      7     69   -139 
   107   -193     69  -1081 
 -1081   -193  -1081    170 
  -238  -1081  -1081    170 
    94     88   -189  -1081 
 -1081    -34  -1081    152 
 -1081    177  -1081     -7 
   142  -1081     10  -1081 
  -238    -93  -1081    152 
 -1081  -1081  -1081    178 
    61    -93   -189     42 
  -138     66    -31     42 
   -39    107    -90    -39 
   131    -93    -31  -1081 
   -39   -193  -1081    131 
  -238  -1081  -1081    170 
>>GadEWX
log-odds matrix: alength= 4 w= 28 n= 2730 bayes= 8.82655 E= 8.0e-004 
  -923    100   -923    109 
   135   -923    -22   -923 
  -923   -923   -923    168 
     3    158   -923    -90 
   161   -923   -923   -923 
   135   -923    -22   -923 
   103      0    -22   -923 
   161   -923   -923   -923 
   -97   -923   -923    141 
  -923    232   -923    -90 
   161   -923   -923   -923 
  -923   -923    236   -923 
   161   -923   -923   -923 
  -923    200   -923      9 
   103      0   -923    -90 
  -923   -923    -22    141 
  -923   -923    -22    141 
     3   -923   -923    109 
     3   -923   -923    109 
   -97   -923   -923    141 
   135      0   -923   -923 
  -923      0   -923    141 
   -97    100    -22      9 
  -923   -923    -22    141 
  -923    158   -923     68 
   135   -923   -923    -90 
    61    100    -22   -923 
  -923   -923   -923    168 
>>GalR+GalS
log-odds matrix: alength= 4 w= 30 n= 5285 bayes= 7.22882 E= 7.0e-261 
   131    -33  -1177   -190 
  -180  -1177    -94    137 
   156    -91  -1177  -1177 
   147    -91   -152  -1177 
  -239  -1177  -1177    155 
  -239    189  -1177   -117 
   161   -191  -1177   -349 
  -239    179  -1177    -68 
 -1177   -191   -252    151 
  -180  -1177  -1177    151 
   142  -1177   -152   -117 
   147  -1177      6  -1177 
  -107   -291  -1177    137 
 -1177    189  -1177    -68 
  -239   -291    238   -249 
  -239    195    -52  -1177 
 -1177   -291    257  -1177 
  -339    217  -1177  -1177 
   125  -1177     80  -1177 
   -22   -291  -1177    115 
   161  -1177   -252   -249 
   165  -1177   -152  -1177 
   142  -1177  -1177    -68 
   147  -1177   -252   -117 
   165   -191  -1177  -1177 
   152    -59  -1177  -1177 
 -1177    184  -1177    -49 
  -339    -59    234  -1177 
  -339   -133    243  -1177 
 -1177    189  -1177    -68 
>>Lrp
log-odds matrix: alength= 4 w= 30 n= 5889 bayes= 7.22882 E= 3.9e-082 
  -262    204     47  -1193 
   -82    168    -26   -137 
     8     75     32   -111 
   -45  -1193    206  -1193 
  -104    204  -1193   -111 
   108   -171    -53   -111 
  -162  -1193     32    101 
   123   -271    -85   -137 
   102  -1193    -26    -69 
   -82  -1193    -26    101 
  -362    193   -285    -11 
   -62    146    -85    -52 
  -262    154     32    -52 
 -1193    187     74   -211 
  -362   -112     32    101 
   -45    -39    179  -1193 
    -4    -39    147   -269 
    84     75   -285   -137 
  -204   -171     15    101 
  -204   -112    196   -137 
    90     10   -285    -69 
  -262     75     -4     56 
   102  -1193   -126    -23 
   -30    -13    167  -1193 
  -362     10   -285    122 
   -62     29    124   -111 
   102     10    -26   -369 
   102    -39     32  -1193 
  -362    -13   -126    117 
  -104   -271  -1193    131 
>>MetJ
log-odds matrix: alength= 4 w= 26 n= 3575 bayes= 9.31604 E= 1.6e-037 
 -1023   -149    166    -19 
   130   -149  -1023    -19 
   -11   -149  -1023    123 
    30  -1023    166  -1023 
 -1023  -1023  -1023    181 
 -1023    -49    -34    123 
   -70  -1023  -1023    155 
   162  -1023    -34  -1023 
   -70  -1023    183   -177 
   162   -149   -134  -1023 
 -1023    151  -1023     23 
   111  -1023     98  -1023 
 -1023  -1023  -1023    181 
 -1023    209  -1023  -1023 
 -1023    109  -1023     81 
   162  -1023    -34  -1023 
    30  -1023    124    -77 
   189  -1023  -1023  -1023 
 -1023    183  -1023    -77 
 -1023   -149    212  -1023 
 -1023  -1023     66    123 
    89     83  -1023   -177 
 -1023  -1023  -1023    181 
   111  -1023  -1023     55 
    89  -1023    124  -1023 
   176  -1023   -134  -1023 
>>NagC
log-odds matrix: alength= 4 w= 21 n= 3520 bayes= 7.31288 E= 2.0e-021 
    15    -65    148  -1110 
   125   -123  -1110    -42 
    -7    147  -1110   -116 
   115    -65   -111   -116 
   180  -1110  -1110  -1110 
   180  -1110  -1110  -1110 
   167   -123  -1110  -1110 
   -33    -65    122    -74 
   -65    -65    122    -42 
    15    123   -210   -116 
    15  -1110    180  -1110 
  -165      9  -1110    116 
   -65      9    148   -274 
    52    -23    -52    -16 
 -1110    158    -52    -42 
  -107   -123    106     25 
    35  -1110  -1110    106 
  -265    -23  -1110    134 
  -165  -1110    170    -16 
  -165     35    159   -274 
  -165  -1110  -1110    158 
>>Nac
log-odds matrix: alength= 4 w= 30 n= 6342 bayes= 7.22882 E= 2.8e-057 
  -353    -19  -1204    132 
   -21     98     79  -1204 
   122     13    -69  -1204 
  -121    151  -1204    -26 
   171   -161   -301  -1204 
   142   -119  -1204    -91 
  -353     -2     98     28 
    17    139   -301   -172 
   -53    -61  -1204    109 
    27    -61    138   -372 
   105    -19   -143    -91 
   117   -219   -102    -40 
   -53   -119     79     28 
   147  -1204     -2   -272 
   132    -19  -1204   -140 
   151    -87  -1204   -172 
  -121   -319     57     86 
   -21     39  -1204     60 
   -53   -319     15     86 
 -1204   -219    -69    141 
 -1204    -38    179    -91 
   -73     71   -301     53 
   -73    127   -301    -14 
    27   -119     44     -2 
   -95    -38    179   -372 
     5   -319    -43     80 
   -36    -38    -43     60 
     5  -1204     57     45 
   -53    133    -21   -172 
   -36    -87    151   -140 
>>OxyR
log-odds matrix: alength= 4 w= 29 n= 4104 bayes= 7.2384 E= 8.6e-012 
 -1140   -250     72    112 
   -21      9     72    -64 
  -143    -18  -1140    129 
  -301      9    -86    112 
  -301  -1140    125     74 
    15     82    -12   -138 
    30    -18   -145     36 
  -202     31     14     62 
  -301    -50   -145    136 
  -143    -18    136    -64 
   123   -150    -12   -296 
  -202      9  -1140    129 
   115    -91    -86   -138 
   137   -150   -145   -196 
  -301   -250   -145    156 
 -1140    -50    180    -96 
    44    -91    101   -196 
    15      9   -244     50 
    98   -150  -1140     21 
   137  -1140    -45   -196 
   -43    131   -145    -64 
   -21    150    -45  -1140 
    89     67  -1140   -138 
    44     50  -1140      4 
  -202   -150    -86    136 
    89    -50  -1140      4 
    68   -150  -1140     62 
  -301    109     55    -38 
    89     82  -1140   -196 
>>PhoP
log-odds matrix: alength= 4 w= 29 n= 2736 bayes= 7.2384 E= 8.0e-013 
 -1081    -80  -1081    144 
   -82   -180     28     76 
  -141    -80    145    -24 
 -1081  -1081  -1081    161 
   -41  -1081     60     61 
  -141   -180  -1081    134 
   118  -1081   -172    -24 
    -9    -80    -14     44 
   118    -22    -14  -1081 
    91    -80   -172    -24 
    -9   -180  -1081    102 
  -241    120  -1081     61 
    40    -80     86    -98 
    76   -180     28    -56 
 -1081  -1081  -1081    161 
 -1081  -1081   -172    152 
  -241    -80    198   -156 
   159  -1081  -1081   -156 
  -241  -1081    128     61 
    40    152   -172  -1081 
  -241    137     28    -56 
  -141   -180   -172    124 
   118    -22  -1081    -98 
    59     78    -72   -156 
 -1081     78     86      2 
 -1081    -80     60     90 
   -82    -80     60     44 
   -41    120   -172    -24 
   129   -180    -72   -156 
>>Sigma54+NtrC
log-odds matrix: alength= 4 w= 27 n= 8494 bayes= 8.71251 E= 1.3e-006 
   127  -1104   -122    -27 
   -54  -1104    -22    110 
    78   -216  -1104     73 
    63  -1104   -122     73 
  -154  -1104  -1104    165 
 -1104  -1104    178    -27 
  -154    192   -222   -259 
   155    -58   -222  -1104 
   -22   -117     59     21 
    27     16     36   -101 
    27  -1104    -22     73 
  -154    -58  -1104    140 
  -253   -117   -222    149 
    46   -117    -22     21 
    78  -1104     95   -159 
  -253   -216  -1104    165 
     5  -1104    159   -259 
  -253    208   -222  -1104 
    46    129   -222   -259 
   105    -58  -1104     -1 
    63   -117     78   -159 
     5     16   -122     40 
   -54     16    -22     40 
     5   -216   -122     99 
 -1104  -1104     36    131 
  -154  -1104    -22    131 
   105    -17    -63   -159 
>>PurR-1
log-odds matrix: alength= 4 w= 16 n= 3420 bayes= 8.70069 E= 2.2e-018 
   155   -982   -982    -30 
  -125    151     -3   -982 
  -982   -982    214   -982 
   107     93   -982   -982 
   174   -982   -982   -130 
   174   -107   -982   -982 
   174   -107   -982   -982 
  -982    209   -982   -982 
  -982   -982    214   -982 
  -982   -982   -103    170 
  -982   -982   -982    187 
  -982   -982   -982    187 
  -982   -982    197   -130 
  -982    209   -982   -982 
  -982   -982    178    -30 
  -982     -7   -982    150 
>>Sigma38
log-odds matrix: alength= 4 w= 15 n= 11952 bayes= 7.36632 E= 8.4e-028 
   -97      1    -72     80 
    52    -90     86   -137 
  -112     17   -157     91 
  -129    145    -72   -120 
    46  -1281    111    -67 
    -4   -249      1     76 
  -429    183  -1281    -91 
  -129   -407   -389    158 
   171  -1281  -1281   -137 
   -83      1   -389    105 
    17   -175    123   -105 
  -148    151     -9   -279 
 -1281    -49  -1281    154 
 -1281   -207   -231    165 
   117   -407   -157      9 
>>XylR
log-odds matrix: alength= 4 w= 30 n= 1897 bayes= 8.81592 E= 3.7e-004 
  -897   -897   -897    181 
  -897     17    200   -897 
   -75   -897      0    107 
  -897   -897   -897    181 
    83   -897   -897     49 
  -897   -897      0    149 
    25   -897   -897    107 
  -897   -897   -897    181 
  -897    116    100    -51 
    83     17   -897    -51 
  -897    175    100   -897 
   157   -897   -897   -897 
   -75    175   -897    -51 
  -897     17   -897    149 
  -897   -897    232   -897 
  -897    175   -897     49 
  -897   -897    100    107 
    25     17      0    -51 
  -897   -897   -897    181 
    25   -897   -897    107 
    25   -897    159   -897 
    25    175   -897   -897 
  -897   -897    232   -897 
    25   -897      0     49 
   -75   -897   -897    149 
   157   -897   -897   -897 
    83   -897      0    -51 
  -897   -897      0    149 
  -897   -897   -897    181 
  -897    216      0   -897 
>>SoxS
log-odds matrix: alength= 4 w= 15 n= 2236 bayes= 6.40939 E= 1.3e+002 
  -167    -35     45     58 
   -68     92   -113      7 
  -167    103    -40    -15 
  -109    103  -1134     58 
 -1134  -1134    187   -174 
  -109    150    -72   -273 
   102     92   -272  -1134 
   132     33   -172  -1134 
    91    -67     28   -174 
   157  -1134  -1134      7 
  -167   -167  -1134    172 
  -267  -1134    153    -15 
   113   -167   -272     43 
  -167    114    -72    -15 
   -35     92   -172      7 
>>TyrR
log-odds matrix: alength= 4 w= 30 n= 2265 bayes= 7.22882 E= 2.9e-027 
    95  -1055  -1055     59 
    95     73  -1055   -122 
 -1055     -1    -67    110 
  -205  -1055    165    -22 
    53   -159  -1055     78 
   153  -1055  -1055    -63 
   153   -159    -67  -1055 
  -205    -59  -1055    136 
  -105    -59     92     10 
    -5    -59  -1055     95 
    27   -159    114   -122 
 -1055     -1   -167    124 
  -205  -1055   -167    148 
    53  -1055     33     10 
  -205  -1055     -8    124 
 -1055    -59  -1055    148 
   -47  -1055    114     10 
   153  -1055  -1055    -63 
 -1055    199  -1055    -63 
   165   -159   -167  -1055 
    75    122  -1055   -222 
  -205  -1055     -8    124 
 -1055  -1055    -67    148 
   -47    187  -1055   -222 
   185  -1055  -1055  -1055 
   -47  -1055   -167    124 
   -47     99    -67    -22 
    -5    173   -167  -1055 
 -1055   -159    -67    136 
 -1055    141  -1055     59 
>>CpxR
log-odds matrix: alength= 4 w= 30 n= 7852 bayes= 7.22882 E= 2.4e-036 
    96     14    -14   -297 
    -4    -12    -87     49 
  -126    -28    140    -97 
   -68   -145    -65    103 
    24    -12     79   -139 
   140    -86  -1234    -97 
   155   -186  -1234   -117 
     6   -186  -1234    111 
   -15   -344     12     73 
    15   -186  -1234    107 
  -126    136      0   -117 
   132    -86   -146   -139 
   -52   -145    145    -97 
  -104    114    -46    -27 
  -185     64    106    -97 
    55     25   -114    -27 
   -39     72    -65      3 
  -226  -1234    186    -80 
  -384    -86  -1234    152 
  -104    -86    -87    107 
   -52      1    -14     42 
    -4     25     45    -65 
   124  -1234    -29    -80 
  -152    146  -1234     11 
  -284  -1234   -146    155 
  -104   -112     79     42 
   -52     64      0    -17 
   -85    101   -114     11 
 -1234    -28    118     20 
  -126     14  -1234    111 
>>YiaJ
log-odds matrix: alength= 4 w= 30 n= 2869 bayes= 7.22882 E= 6.0e-205 
  -269    260  -1089  -1089 
   148  -1089  -1089   -268 
   148   -157  -1089  -1089 
 -1089   -157  -1089    148 
 -1089    268  -1089  -1089 
   155  -1089  -1089  -1089 
 -1089  -1089    260  -1089 
   148  -1089   -165  -1089 
 -1089   -157  -1089    148 
 -1089  -1089  -1089    156 
 -1089  -1089    252   -268 
 -1089    268  -1089  -1089 
 -1089    268  -1089  -1089 
 -1089  -1089  -1089    156 
 -1089  -1089  -1089    156 
 -1089  -1089    260  -1089 
 -1089  -1089  -1089    156 
 -1089  -1089  -1089    156 
   148  -1089  -1089   -268 
   148  -1089  -1089   -268 
   148  -1089  -1089   -268 
   148  -1089  -1089   -268 
   148  -1089  -1089   -268 
 -1089  -1089    260  -1089 
  -269  -1089  -1089    148 
 -1089  -1089    252   -268 
   148   -157  -1089  -1089 
 -1089  -1089   -165    148 
 -1089    268  -1089  -1089 
 -1089  -1089    252   -268 