>>Fur_ChIP_W
log-odds matrix: alength= 4 w= 23 n= 3162 bayes= 5.64386 E= 2.6e-041 
    20   -113     94    -74 
    83    -72    -53    -39 
    92   -372    -53      5 
  -212   -140   -170    142 
   -66   -172    165   -161 
   130    -40    -53  -1260 
   -66   -272    142    -39 
   158    -91  -1260   -261 
   149   -213   -170   -161 
  -112     37   -170     85 
   -22     37     38    -50 
    88   -113    -12    -61 
  -180   -113   -212    139 
  -154    -72   -138    123 
    58    119   -370   -188 
  -312    -55    -90    126 
  -212    174   -138   -103 
   140   -172    -38   -320 
   -42   -113    -90     97 
   -54    -72    -53     85 
   -12     93    -53    -61 
     5     -2      0     -3 
   -66    114     20   -139 
>>Fur_ChIP_W3110
log-odds matrix: alength= 4 w= 22 n= 3744 bayes= 5.67243 E= 1.1e-037 
  -129     89     34    -54 
   -21    -55     26     29 
    10   -201    110    -65 
   103   -120   -118    -18 
    83  -1281   -140     60 
  -429    -69   -118    140 
   -49   -143    166   -335 
   135    -55    -53  -1281 
   -84    -43     92    -10 
   159  -1281   -240   -103 
   129   -101    -81   -154 
  -171     31   -298    111 
   -21     45     26    -54 
   116   -143   -118    -44 
  -171   -143   -140    140 
  -112   -101    -98    120 
    16    108   -198    -77 
  -149    -69    -81    117 
  -229    157    -98    -77 
   132   -243      2   -235 
   -49    -69    -66     90 
  -112     -1      2     60 
>>Fur_ChIP_KO11FL
log-odds matrix: alength= 4 w= 26 n= 5424 bayes= 5.55459 E= 6.4e-053 
   -56     46    -81     46 
   -70     54     51    -54 
   -77     -3     42     24 
   -32     -3     96   -112 
    44    -97     24    -18 
     7    -43    -71     56 
  -143   -109   -103    134 
   -93   -135    153   -102 
    98    -67     -3   -176 
   -70   -135     81     39 
   143   -150   -130   -212 
   139   -467    -53   -161 
  -111    -15   -130    109 
   -43     54     70   -135 
   111   -109    -53   -112 
  -156   -167    -71    137 
   -26   -209   -230    130 
    54     79   -362    -61 
  -185    -87    -30    120 
  -221    175   -162   -135 
   134   -267    -23   -235 
     3   -109    -45     71 
   -70   -109    -53    107 
    15    113   -230    -93 
    51      8    -53    -41 
   -77     50     33    -18 