MEME version 4.0

ALPHABET= ACGT

strands: + -

Background letter frequencies (from dataset without add-one prior applied):
A 0.302 C 0.198 G 0.198 T 0.302

MOTIF  1

BL   MOTIF 1 width=18 seqs=55
letter-probability matrix: alength= 4 w= 18 nsites= 54 E= 1
 0.425926  0.000000  0.574074  0.000000
 0.259259  0.296296  0.166667  0.277778
 0.333333  0.203704  0.037037  0.425926
 0.000000  0.000000  0.796296  0.203704
 0.000000  1.000000  0.000000  0.000000
 0.191489  0.000000  0.000000  0.808511
 0.000000  0.000000  0.000000  1.000000
 0.870370  0.000000  0.129630  0.000000
 0.777778  0.222222  0.000000  0.000000
 0.407407  0.111111  0.092593  0.388889
 0.000000  0.354839  0.322581  0.322581
 0.592593  0.000000  0.296296  0.111111
 0.703704  0.000000  0.000000  0.296296
 0.111111  0.129630  0.055556  0.703704
 0.296296  0.018519  0.000000  0.685185
 0.000000  0.000000  0.420000  0.580000
 0.129630  0.425926  0.111111  0.333333
 0.314815  0.111111  0.055556  0.518519

MOTIF  2

BL   MOTIF 2 width=18 seqs=55
letter-probability matrix: alength= 4 w= 18 nsites= 55 E= 1
 0.454545  0.000000  0.236364  0.309091
 0.290909  0.163636  0.418182  0.127273
 0.709091  0.254545  0.036364  0.000000
 0.563636  0.000000  0.036364  0.400000
 0.693878  0.102041  0.122449  0.081633
 0.345455  0.000000  0.000000  0.654545
 0.127273  0.363636  0.000000  0.509091
 0.241379  0.241379  0.517241  0.000000
 0.309091  0.036364  0.127273  0.527273
 0.000000  0.000000  0.145455  0.854545
 0.000000  0.000000  0.000000  1.000000
 0.000000  1.000000  0.000000  0.000000
 1.000000  0.000000  0.000000  0.000000
 0.734694  0.000000  0.000000  0.265306
 0.181818  0.763636  0.054545  0.000000
 0.381818  0.036364  0.181818  0.400000
 0.272727  0.109091  0.345455  0.272727
 0.054545  0.454545  0.054545  0.436364

MOTIF  3

BL   MOTIF 3 width=20 seqs=55
letter-probability matrix: alength= 4 w= 20 nsites= 54 E= 1
 0.370370  0.055556  0.000000  0.574074
 0.148148  0.129630  0.000000  0.722222
 0.648148  0.000000  0.129630  0.222222
 0.000000  0.574074  0.055556  0.370370
 0.518519  0.000000  0.425926  0.055556
 0.000000  0.313725  0.294118  0.392157
 0.185185  0.296296  0.092593  0.425926
 0.137931  0.000000  0.448276  0.413793
 0.537037  0.000000  0.074074  0.388889
 0.185185  0.314815  0.222222  0.277778
 0.970588  0.029412  0.000000  0.000000
 0.314815  0.111111  0.018519  0.555556
 0.425926  0.000000  0.000000  0.574074
 0.074074  0.092593  0.000000  0.833333
 0.018519  0.351852  0.314815  0.314815
 0.185185  0.129630  0.000000  0.685185
 0.277778  0.000000  0.222222  0.500000
 0.166667  0.111111  0.000000  0.722222
 0.759259  0.129630  0.000000  0.111111
 0.759259  0.000000  0.000000  0.240741

MOTIF  4

BL   MOTIF 4 width=20 seqs=55
letter-probability matrix: alength= 4 w= 20 nsites= 55 E= 1
 0.381818  0.472727  0.145455  0.000000
 0.236364  0.000000  0.072727  0.690909
 0.000000  0.000000  0.563636  0.436364
 0.500000  0.000000  0.000000  0.500000
 0.381818  0.036364  0.000000  0.581818
 0.327273  0.000000  0.236364  0.436364
 0.890909  0.109091  0.000000  0.000000
 0.763636  0.236364  0.000000  0.000000
 0.230769  0.410256  0.000000  0.358974
 0.472727  0.181818  0.272727  0.072727
 0.418182  0.090909  0.072727  0.418182
 0.290909  0.036364  0.018182  0.654545
 0.345455  0.054545  0.072727  0.527273
 0.054545  0.000000  0.000000  0.945455
 0.000000  0.659574  0.340426  0.000000
 0.363636  0.163636  0.000000  0.472727
 0.000000  0.218182  0.327273  0.454545
 0.163636  0.000000  0.290909  0.545455
 0.000000  0.000000  1.000000  0.000000
 0.454545  0.527273  0.000000  0.018182

MOTIF  5

BL   MOTIF 5 width=21 seqs=55
letter-probability matrix: alength= 4 w= 21 nsites= 55 E= 1
 0.363636  0.327273  0.000000  0.309091
 0.309091  0.018182  0.381818  0.290909
 0.672727  0.018182  0.072727  0.236364
 0.000000  0.687500  0.312500  0.000000
 0.090909  0.254545  0.345455  0.309091
 0.272727  0.000000  0.345455  0.381818
 0.054545  0.236364  0.309091  0.400000
 0.963636  0.036364  0.000000  0.000000
 0.333333  0.000000  0.000000  0.666667
 0.218182  0.472727  0.145455  0.163636
 0.690909  0.018182  0.036364  0.254545
 0.472727  0.000000  0.145455  0.381818
 0.290909  0.018182  0.000000  0.690909
 0.218182  0.000000  0.000000  0.781818
 0.472727  0.000000  0.000000  0.527273
 0.636364  0.000000  0.000000  0.363636
 0.581818  0.109091  0.309091  0.000000
 0.072727  0.763636  0.018182  0.145455
 0.400000  0.163636  0.290909  0.145455
 0.618182  0.000000  0.254545  0.127273
 0.145455  0.636364  0.000000  0.218182

MOTIF  6

BL   MOTIF 6 width=23 seqs=55
letter-probability matrix: alength= 4 w= 23 nsites= 52 E= 1
 0.115385  0.076923  0.596154  0.211538
 0.096154  0.134615  0.057692  0.711538
 0.000000  0.000000  0.096154  0.903846
 0.846154  0.057692  0.076923  0.019231
 0.750000  0.000000  0.019231  0.230769
 0.538462  0.230769  0.000000  0.230769
 0.384615  0.576923  0.000000  0.038462
 0.634615  0.192308  0.115385  0.057692
 1.000000  0.000000  0.000000  0.000000
 0.000000  0.000000  0.560000  0.440000
 0.634615  0.000000  0.000000  0.365385
 0.346154  0.000000  0.211538  0.442308
 0.134615  0.461538  0.096154  0.307692
 0.769231  0.000000  0.000000  0.230769
 0.134615  0.000000  0.730769  0.134615
 0.230769  0.346154  0.000000  0.423077
 0.538462  0.250000  0.000000  0.211538
 0.846154  0.000000  0.153846  0.000000
 0.807692  0.000000  0.000000  0.192308
 0.384615  0.000000  0.000000  0.615385
 0.403846  0.211538  0.019231  0.365385
 0.442308  0.076923  0.000000  0.480769
 0.000000  0.634615  0.019231  0.346154

MOTIF  7

BL   MOTIF 7 width=18 seqs=55
letter-probability matrix: alength= 4 w= 18 nsites= 55 E= 1
 0.072727  0.000000  0.181818  0.745455
 0.000000  0.000000  0.145455  0.854545
 0.890909  0.000000  0.000000  0.109091
 0.836364  0.145455  0.018182  0.000000
 0.454545  0.000000  0.018182  0.527273
 0.272727  0.381818  0.000000  0.345455
 0.000000  0.000000  0.090909  0.909091
 0.509091  0.072727  0.127273  0.290909
 0.436364  0.036364  0.000000  0.527273
 0.000000  0.563636  0.290909  0.145455
 0.000000  0.044444  0.000000  0.955556
 0.038462  0.000000  0.961538  0.000000
 0.072727  0.236364  0.290909  0.400000
 0.072727  0.327273  0.018182  0.581818
 0.400000  0.272727  0.145455  0.181818
 0.363636  0.000000  0.018182  0.618182
 0.472727  0.000000  0.509091  0.018182
 0.345455  0.036364  0.000000  0.618182

MOTIF  8

BL   MOTIF 8 width=19 seqs=55
letter-probability matrix: alength= 4 w= 19 nsites= 54 E= 1
 0.500000  0.000000  0.185185  0.314815
 0.000000  0.592593  0.407407  0.000000
 0.537037  0.203704  0.259259  0.000000
 0.000000  0.000000  1.000000  0.000000
 0.425926  0.000000  0.000000  0.574074
 0.240741  0.055556  0.111111  0.592593
 0.000000  0.000000  1.000000  0.000000
 0.425926  0.055556  0.000000  0.518519
 0.074074  0.000000  0.092593  0.833333
 0.314815  0.166667  0.425926  0.092593
 0.203704  0.074074  0.000000  0.722222
 0.000000  0.185185  0.129630  0.685185
 0.092593  0.018519  0.000000  0.888889
 0.000000  0.000000  1.000000  0.000000
 0.388889  0.074074  0.000000  0.537037
 0.050000  0.300000  0.300000  0.350000
 0.185185  0.000000  0.000000  0.814815
 0.944444  0.000000  0.000000  0.055556
 0.296296  0.166667  0.000000  0.537037

MOTIF  9

BL   MOTIF 9 width=22 seqs=55
letter-probability matrix: alength= 4 w= 22 nsites= 55 E= 1
 0.381818  0.381818  0.127273  0.109091
 0.090909  0.109091  0.127273  0.672727
 0.090909  0.363636  0.400000  0.145455
 0.036364  0.127273  0.000000  0.836364
 0.163636  0.000000  0.836364  0.000000
 1.000000  0.000000  0.000000  0.000000
 0.381818  0.000000  0.509091  0.109091
 0.055556  0.500000  0.000000  0.444444
 0.454545  0.018182  0.509091  0.018182
 0.000000  0.190476  0.000000  0.809524
 0.618182  0.000000  0.000000  0.381818
 0.636364  0.145455  0.181818  0.036364
 0.458333  0.083333  0.104167  0.354167
 0.581818  0.254545  0.000000  0.163636
 0.345455  0.000000  0.272727  0.381818
 0.000000  0.000000  0.000000  1.000000
 0.181818  0.054545  0.163636  0.600000
 0.545455  0.000000  0.000000  0.454545
 0.945455  0.000000  0.018182  0.036364
 0.381818  0.272727  0.145455  0.200000
 0.218182  0.272727  0.000000  0.509091
 0.418182  0.163636  0.418182  0.000000

MOTIF  10

BL   MOTIF 10 width=20 seqs=55
letter-probability matrix: alength= 4 w= 20 nsites= 55 E= 1
 0.109091  0.000000  0.236364  0.654545
 0.527273  0.000000  0.218182  0.254545
 0.163636  0.836364  0.000000  0.000000
 0.733333  0.266667  0.000000  0.000000
 0.363636  0.000000  0.636364  0.000000
 0.000000  0.000000  0.000000  1.000000
 0.000000  0.109091  0.127273  0.763636
 0.236364  0.000000  0.036364  0.727273
 0.381818  0.054545  0.290909  0.272727
 0.872727  0.000000  0.000000  0.127273
 0.052632  0.052632  0.000000  0.894737
 0.563636  0.327273  0.018182  0.090909
 0.436364  0.563636  0.000000  0.000000
 0.600000  0.000000  0.000000  0.400000
 0.363636  0.054545  0.454545  0.127273
 0.727273  0.272727  0.000000  0.000000
 0.000000  0.000000  0.631579  0.368421
 0.272727  0.036364  0.000000  0.690909
 0.000000  0.509091  0.000000  0.490909
 0.781818  0.000000  0.000000  0.218182

