MEME version 4.4

ALPHABET= ACGT

strands: +

Background letter frequencies (from web form):
A 0.25000 C 0.25000 G 0.25000 T 0.25000 

MOTIF STRGGTCAN MEME-1

letter-probability matrix: alength= 4 w= 16 nsites= 35 E= 1.1e-013 
 0.000000  0.028571  0.657143  0.314286 
 0.600000  0.142857  0.142857  0.114286 
 0.571429  0.114286  0.171429  0.142857 
 0.457143  0.200000  0.000000  0.342857 
 0.142857  0.228571  0.000000  0.628571 
 0.114286  0.085714  0.342857  0.457143 
 0.028571  0.171429  0.085714  0.714286 
 0.228571  0.028571  0.657143  0.085714 
 0.714286  0.114286  0.142857  0.028571 
 0.000000  0.000000  0.771429  0.228571 
 0.000000  0.885714  0.000000  0.114286 
 0.542857  0.028571  0.114286  0.314286 
 0.942857  0.000000  0.057143  0.000000 
 0.628571  0.200000  0.000000  0.171429 
 0.857143  0.028571  0.114286  0.000000 
 0.342857  0.000000  0.342857  0.314286 