MEME version 4.0

ALPHABET= ACGT

strands: + -

Background letter frequencies (from dataset without add-one prior applied):
A 0.298 C 0.202 G 0.202 T 0.298

MOTIF  1

BL   MOTIF 1 width=21 seqs=42
letter-probability matrix: alength= 4 w= 21 nsites= 40 E= 1
 0.500000  0.000000  0.150000  0.350000
 0.350000  0.000000  0.000000  0.650000
 0.675000  0.000000  0.025000  0.300000
 0.000000  0.075000  0.000000  0.925000
 0.000000  0.433333  0.566667  0.000000
 0.100000  0.325000  0.000000  0.575000
 0.482759  0.517241  0.000000  0.000000
 0.000000  0.300000  0.475000  0.225000
 0.175000  0.525000  0.275000  0.025000
 0.000000  0.000000  0.075000  0.925000
 0.025000  0.000000  0.000000  0.975000
 0.000000  0.000000  0.725000  0.275000
 0.000000  0.555556  0.333333  0.111111
 0.225000  0.575000  0.000000  0.200000
 0.000000  0.075000  0.000000  0.925000
 0.000000  0.000000  0.775000  0.225000
 0.633333  0.133333  0.000000  0.233333
 1.000000  0.000000  0.000000  0.000000
 0.200000  0.300000  0.000000  0.500000
 0.400000  0.275000  0.100000  0.225000
 0.750000  0.000000  0.225000  0.025000

MOTIF  2

BL   MOTIF 2 width=22 seqs=42
letter-probability matrix: alength= 4 w= 22 nsites= 41 E= 1
 0.000000  0.756098  0.243902  0.000000
 1.000000  0.000000  0.000000  0.000000
 0.750000  0.250000  0.000000  0.000000
 0.000000  0.000000  0.545455  0.454545
 0.756098  0.000000  0.243902  0.000000
 0.439024  0.170732  0.219512  0.170732
 0.073171  0.000000  0.512195  0.414634
 0.414634  0.000000  0.243902  0.341463
 0.292683  0.048780  0.170732  0.487805
 0.487805  0.170732  0.000000  0.341463
 0.341463  0.121951  0.024390  0.512195
 0.024390  0.024390  0.390244  0.560976
 0.121951  0.317073  0.000000  0.560976
 0.195122  0.000000  0.000000  0.804878
 0.000000  0.073171  0.121951  0.804878
 0.878049  0.000000  0.121951  0.000000
 0.024390  0.195122  0.024390  0.756098
 0.097561  0.073171  0.560976  0.268293
 0.219512  0.000000  0.487805  0.292683
 0.121951  0.487805  0.292683  0.097561
 0.243902  0.000000  0.341463  0.414634
 0.414634  0.439024  0.146341  0.000000

MOTIF  3

BL   MOTIF 3 width=22 seqs=42
letter-probability matrix: alength= 4 w= 22 nsites= 41 E= 1
 0.024390  0.658537  0.000000  0.317073
 0.926829  0.000000  0.073171  0.000000
 0.853659  0.000000  0.000000  0.146341
 0.682927  0.097561  0.219512  0.000000
 0.804878  0.195122  0.000000  0.000000
 0.365854  0.146341  0.000000  0.487805
 0.500000  0.000000  0.000000  0.500000
 0.000000  0.000000  0.024390  0.975610
 0.685714  0.228571  0.085714  0.000000
 0.097561  0.000000  0.170732  0.731707
 0.365854  0.292683  0.000000  0.341463
 0.024390  0.487805  0.073171  0.414634
 0.341463  0.487805  0.170732  0.000000
 0.000000  0.463415  0.000000  0.536585
 0.268293  0.073171  0.000000  0.658537
 0.085714  0.314286  0.142857  0.457143
 0.219512  0.219512  0.243902  0.317073
 0.365854  0.024390  0.121951  0.487805
 0.000000  0.000000  0.731707  0.268293
 0.536585  0.024390  0.000000  0.439024
 0.560976  0.439024  0.000000  0.000000
 0.682927  0.146341  0.000000  0.170732

MOTIF  4

BL   MOTIF 4 width=20 seqs=42
letter-probability matrix: alength= 4 w= 20 nsites= 42 E= 1
 0.682927  0.024390  0.292683  0.000000
 0.214286  0.309524  0.000000  0.476190
 0.357143  0.047619  0.595238  0.000000
 0.238095  0.142857  0.238095  0.380952
 0.642857  0.047619  0.238095  0.071429
 0.476190  0.095238  0.428571  0.000000
 0.690476  0.000000  0.261905  0.047619
 0.000000  0.000000  0.261905  0.738095
 0.547619  0.357143  0.095238  0.000000
 0.309524  0.000000  0.071429  0.619048
 0.190476  0.000000  0.000000  0.809524
 0.142857  0.000000  0.166667  0.690476
 0.000000  0.071429  0.023810  0.904762
 0.047619  0.190476  0.000000  0.761905
 1.000000  0.000000  0.000000  0.000000
 0.000000  0.214286  0.000000  0.785714
 0.000000  0.000000  0.904762  0.095238
 0.166667  0.380952  0.452381  0.000000
 0.357143  0.214286  0.071429  0.357143
 0.428571  0.000000  0.190476  0.380952

MOTIF  5

BL   MOTIF 5 width=24 seqs=42
letter-probability matrix: alength= 4 w= 24 nsites= 42 E= 1
 0.690476  0.095238  0.214286  0.000000
 0.000000  0.261905  0.047619  0.690476
 0.214286  0.642857  0.119048  0.023810
 0.261905  0.214286  0.285714  0.238095
 0.000000  0.000000  0.000000  1.000000
 0.214286  0.000000  0.642857  0.142857
 0.476190  0.523810  0.000000  0.000000
 0.261905  0.642857  0.000000  0.095238
 0.450000  0.250000  0.000000  0.300000
 0.309524  0.000000  0.380952  0.309524
 0.547619  0.000000  0.000000  0.452381
 0.285714  0.523810  0.000000  0.190476
 0.761905  0.095238  0.047619  0.095238
 1.000000  0.000000  0.000000  0.000000
 0.214286  0.190476  0.000000  0.595238
 0.476190  0.452381  0.071429  0.000000
 0.054054  0.027027  0.081081  0.837838
 0.500000  0.000000  0.500000  0.000000
 0.095238  0.380952  0.000000  0.523810
 0.000000  1.000000  0.000000  0.000000
 0.333333  0.000000  0.357143  0.309524
 0.428571  0.333333  0.000000  0.238095
 0.238095  0.380952  0.095238  0.285714
 0.238095  0.333333  0.000000  0.428571

MOTIF  6

BL   MOTIF 6 width=21 seqs=42
letter-probability matrix: alength= 4 w= 21 nsites= 42 E= 1
 0.904762  0.000000  0.000000  0.095238
 0.000000  0.000000  0.000000  1.000000
 0.000000  0.023810  0.214286  0.761905
 0.761905  0.000000  0.000000  0.238095
 0.214286  0.023810  0.000000  0.761905
 0.000000  0.000000  0.357143  0.642857
 0.000000  0.309524  0.285714  0.404762
 0.000000  0.000000  0.000000  1.000000
 0.035714  0.071429  0.000000  0.892857
 0.869565  0.000000  0.130435  0.000000
 0.000000  0.404762  0.428571  0.166667
 0.261905  0.166667  0.571429  0.000000
 0.238095  0.000000  0.285714  0.476190
 0.000000  0.380952  0.095238  0.523810
 0.000000  0.333333  0.000000  0.666667
 0.714286  0.000000  0.000000  0.285714
 0.214286  0.309524  0.000000  0.476190
 0.000000  0.047619  0.857143  0.095238
 0.285714  0.214286  0.404762  0.095238
 0.190476  0.404762  0.285714  0.119048
 0.333333  0.047619  0.500000  0.119048

MOTIF  7

BL   MOTIF 7 width=19 seqs=42
letter-probability matrix: alength= 4 w= 19 nsites= 42 E= 1
 0.404762  0.000000  0.000000  0.595238
 0.333333  0.000000  0.000000  0.666667
 0.000000  0.214286  0.000000  0.785714
 0.000000  0.000000  1.000000  0.000000
 0.357143  0.309524  0.000000  0.333333
 0.380952  0.357143  0.000000  0.261905
 0.095238  0.285714  0.500000  0.119048
 0.023810  0.619048  0.095238  0.261905
 0.047619  0.119048  0.071429  0.761905
 0.285714  0.000000  0.000000  0.714286
 0.212121  0.000000  0.606061  0.181818
 0.000000  0.000000  0.000000  1.000000
 0.380952  0.333333  0.285714  0.000000
 0.642857  0.119048  0.000000  0.238095
 0.380952  0.452381  0.095238  0.071429
 0.738095  0.142857  0.071429  0.047619
 0.857143  0.047619  0.000000  0.095238
 0.095238  0.000000  0.119048  0.785714
 0.666667  0.261905  0.071429  0.000000

MOTIF  8

BL   MOTIF 8 width=23 seqs=42
letter-probability matrix: alength= 4 w= 23 nsites= 41 E= 1
 0.512195  0.219512  0.000000  0.268293
 0.707317  0.097561  0.097561  0.097561
 0.390244  0.243902  0.048780  0.317073
 0.073171  0.390244  0.000000  0.536585
 0.170732  0.804878  0.024390  0.000000
 0.707317  0.219512  0.048780  0.024390
 0.000000  0.000000  0.000000  1.000000
 0.853659  0.121951  0.024390  0.000000
 0.268293  0.000000  0.121951  0.609756
 0.000000  0.500000  0.000000  0.500000
 0.829268  0.000000  0.000000  0.170732
 0.414634  0.268293  0.243902  0.073171
 0.365854  0.000000  0.439024  0.195122
 0.048780  0.268293  0.292683  0.390244
 0.560976  0.439024  0.000000  0.000000
 0.365854  0.121951  0.512195  0.000000
 0.031250  0.375000  0.562500  0.031250
 0.365854  0.634146  0.000000  0.000000
 0.048780  0.073171  0.024390  0.853659
 0.097561  0.219512  0.000000  0.682927
 0.341463  0.000000  0.317073  0.341463
 0.000000  0.195122  0.073171  0.731707
 0.195122  0.000000  0.585366  0.219512

MOTIF  9

BL   MOTIF 9 width=22 seqs=42
letter-probability matrix: alength= 4 w= 22 nsites= 41 E= 1
 0.463415  0.292683  0.195122  0.048780
 0.000000  0.146341  0.463415  0.390244
 0.414634  0.024390  0.000000  0.560976
 0.000000  0.195122  0.024390  0.780488
 0.317073  0.365854  0.219512  0.097561
 0.000000  0.073171  0.268293  0.658537
 0.024390  0.609756  0.195122  0.170732
 0.560976  0.170732  0.000000  0.268293
 0.170732  0.000000  0.487805  0.341463
 0.390244  0.195122  0.000000  0.414634
 0.250000  0.200000  0.550000  0.000000
 0.682927  0.024390  0.000000  0.292683
 0.560976  0.024390  0.000000  0.414634
 0.048780  0.000000  0.268293  0.682927
 0.541667  0.000000  0.291667  0.166667
 0.756098  0.024390  0.000000  0.219512
 0.000000  0.562500  0.437500  0.000000
 0.170732  0.243902  0.439024  0.146341
 0.000000  0.292683  0.000000  0.707317
 0.536585  0.000000  0.000000  0.463415
 0.000000  0.000000  0.000000  1.000000
 0.146341  0.000000  0.073171  0.780488

MOTIF  10

BL   MOTIF 10 width=20 seqs=42
letter-probability matrix: alength= 4 w= 20 nsites= 42 E= 1
 0.857143  0.000000  0.000000  0.142857
 0.000000  0.047619  0.000000  0.952381
 0.000000  0.000000  0.000000  1.000000
 0.119048  0.357143  0.047619  0.476190
 0.047619  0.071429  0.142857  0.738095
 0.071429  0.000000  0.928571  0.000000
 0.000000  0.309524  0.000000  0.690476
 0.452381  0.095238  0.000000  0.452381
 0.000000  0.322581  0.193548  0.483871
 0.000000  0.119048  0.880952  0.000000
 0.523810  0.000000  0.476190  0.000000
 0.119048  0.214286  0.047619  0.619048
 0.206897  0.000000  0.000000  0.793103
 0.642857  0.000000  0.357143  0.000000
 0.119048  0.404762  0.000000  0.476190
 0.000000  0.000000  0.481481  0.518519
 0.023810  0.000000  0.976190  0.000000
 0.214286  0.690476  0.000000  0.095238
 0.647059  0.000000  0.000000  0.352941
 0.404762  0.000000  0.380952  0.214286

